200,0.5384361743927002,badwooorx,[61.16015625, 61.17578125, 61.1796875]
200,0.5038135051727295,badwoooorx,[61.23828125, 61.23046875, 61.23046875]
200,0.5384235382080078,badwooooorx,[61.24609375, 61.234375, 61.234375]
200,1.6411848068237305,badwoooooorx,[61.24609375, 61.234375, 61.234375]
200,2.4653046131134033,badwooooooorx,[61.25390625, 61.28125, 61.28125]
200,1.5857088565826416,badwoooooooorx,[61.3046875, 61.29296875, 61.29296875]
200,1.0729765892028809,badwooooooooorx,[61.3046875, 61.29296875, 61.29296875]
200,1.5608441829681396,badwoooooooooorx,[61.3046875, 61.29296875, 61.29296875]
200,1.585571527481079,badwooooooooooorx,[61.3046875, 61.2890625, 61.2890625]
200,2.652505397796631,badwoooooooooooorx,[61.3046875, 61.29296875, 61.29296875]
200,0.898688793182373,badwooooooooooooorx,[61.2421875, 61.234375, 61.234375]
200,0.753098726272583,badwoooooooooooooorx,[61.24609375, 61.234375, 61.234375]
200,0.6834182739257812,badwooooooooooooooorx,[61.24609375, 61.23046875, 61.23046875]
200,0.592933177947998,badwoooooooooooooooorx,[61.24609375, 61.23046875, 61.23046875]
200,0.6011703014373779,badwooooooooooooooooorx,[61.24609375, 61.234375, 61.26171875]
200,0.6086997985839844,badwoooooooooooooooooorx,[61.28125, 61.26953125, 61.2734375]
200,0.6109623908996582,badwooooooooooooooooooorx,[61.2890625, 61.27734375, 61.27734375]
200,0.6317429542541504,badwoooooooooooooooooooorx,[61.2890625, 61.27734375, 61.27734375]
200,0.7421989440917969,badwooooooooooooooooooooorx,[61.29296875, 61.28515625, 61.2890625, 61.2890625]
200,0.8380451202392578,badwoooooooooooooooooooooorx,[61.30078125, 61.28515625, 61.28515625, 61.28515625, 61.28515625]
200,1.1163036823272705,badwooooooooooooooooooooooorx,[61.30078125, 61.2890625, 61.2890625, 61.2890625, 61.2890625, 61.2890625, 61.2890625, 61.2890625]
200,1.748398780822754,badwoooooooooooooooooooooooorx,[61.30078125, 61.2890625, 61.2890625, 61.2890625, 61.2890625, 61.2890625, 61.2890625, 61.2890625, 61.2890625, 61.2890625, 61.2890625, 61.2890625, 61.2890625, 61.2890625]
200,2.8868136405944824,badwooooooooooooooooooooooooorx,[61.3046875, 61.29296875, 61.29296875, 61.29296875, 61.29296875, 61.29296875, 61.29296875, 61.29296875, 61.29296875, 61.29296875, 61.29296875, 61.29296875, 61.29296875, 61.29296875, 61.29296875, 61.29296875, 61.29296875, 61.29296875, 61.29296875, 61.29296875, 61.29296875, 61.29296875, 61.29296875, 61.29296875]
200,5.297783136367798,badwoooooooooooooooooooooooooorx,[61.3046875, 61.29296875, 61.29296875, 61.29296875, 61.29296875, 61.29296875, 61.29296875, 61.29296875, 61.29296875, 61.29296875, 61.29296875, 61.29296875, 61.29296875, 61.29296875, 61.29296875, 61.29296875, 61.29296875, 61.29296875, 61.29296875, 61.29296875, 61.29296875, 61.29296875, 61.29296875, 61.29296875, 61.29296875, 61.29296875, 61.29296875, 61.29296875, 61.29296875, 61.29296875, 61.29296875, 61.29296875, 61.29296875, 61.29296875, 61.29296875, 61.29296875, 61.29296875, 61.29296875, 61.29296875, 61.29296875, 61.29296875, 61.29296875, 61.29296875, 61.29296875, 61.29296875, 61.29296875]
200,10.306440830230713,badwooooooooooooooooooooooooooorx,[61.3046875, 61.29296875, 61.29296875, 61.29296875, 61.29296875, 61.29296875, 61.29296875, 61.29296875, 61.29296875, 61.29296875, 61.29296875, 61.29296875, 61.29296875, 61.29296875, 61.29296875, 61.29296875, 61.29296875, 61.29296875, 61.29296875, 61.29296875, 61.29296875, 61.29296875, 61.29296875, 61.29296875, 61.29296875, 61.29296875, 61.29296875, 61.29296875, 61.29296875, 61.29296875, 61.29296875, 61.29296875, 61.29296875, 61.29296875, 61.29296875, 61.29296875, 61.29296875, 61.29296875, 61.29296875, 61.29296875, 61.29296875, 61.29296875, 61.29296875, 61.29296875, 61.29296875, 61.29296875, 61.29296875, 61.26171875, 61.26171875, 61.26171875, 61.26171875, 61.26171875, 61.26171875, 61.26171875, 61.26171875, 61.26171875, 61.26171875, 61.26171875, 61.26171875, 61.26171875, 61.26171875, 61.26171875, 61.26171875, 61.26171875, 61.26171875, 61.26171875, 61.26171875, 61.26171875, 61.26171875, 61.26171875, 61.26171875, 61.26171875, 61.26171875, 61.26171875, 61.26171875, 61.26171875, 61.26171875, 61.26171875, 61.26171875, 61.26171875, 61.26171875, 61.26171875, 61.26171875, 61.26171875, 61.26171875, 61.26171875, 61.26171875, 61.26171875, 61.26171875, 61.26171875, 61.26171875, 61.26171875, 61.26171875]
200,20.691060304641724,badwoooooooooooooooooooooooooooorx,[61.27734375, 61.26953125, 61.26953125, 61.26953125, 61.26953125, 61.26953125, 61.26953125, 61.26953125, 61.26953125, 61.26953125, 61.26953125, 61.26953125, 61.26953125, 61.26953125, 61.26953125, 61.26953125, 61.26953125, 61.26953125, 61.26953125, 61.26953125, 61.26953125, 61.26953125, 61.26953125, 61.26953125, 61.26953125, 61.26953125, 61.26953125, 61.26953125, 61.26953125, 61.26953125, 61.26953125, 61.26953125, 61.26953125, 61.26953125, 61.26953125, 61.26953125, 61.26953125, 61.26953125, 61.26953125, 61.26953125, 61.26953125, 61.26953125, 61.26953125, 61.26953125, 61.26953125, 61.26953125, 61.26953125, 61.26953125, 61.26953125, 61.26953125, 61.26953125, 61.26953125, 61.26953125, 61.26953125, 61.26953125, 61.26953125, 61.26953125, 61.26953125, 61.26953125, 61.26953125, 61.26953125, 61.26953125, 61.26953125, 61.26953125, 61.26953125, 61.26953125, 61.26953125, 61.26953125, 61.26953125, 61.26953125, 61.26953125, 61.26953125, 61.26953125, 61.26953125, 61.26953125, 61.26953125, 61.26953125, 61.26953125, 61.26953125, 61.26953125, 61.26953125, 61.26953125, 61.26953125, 61.26953125, 61.26953125, 61.26953125, 61.26953125, 61.26953125, 61.26953125, 61.26953125, 61.26953125, 61.26953125, 61.26953125, 61.26953125, 61.26953125, 61.26953125, 61.26953125, 61.26953125, 61.26953125, 61.26953125, 61.26953125, 61.26953125, 61.26953125, 61.26953125, 61.26953125, 61.26953125, 61.26953125, 61.26953125, 61.26953125, 61.26953125, 61.26953125, 61.26953125, 61.26953125, 61.26953125, 61.26953125, 61.26953125, 61.26953125, 61.26953125, 61.26953125, 61.26953125, 61.26953125, 61.26953125, 61.26953125, 61.26953125, 61.26953125, 61.26953125, 61.26953125, 61.26953125, 61.26953125, 61.26953125, 61.26953125, 61.26953125, 61.26953125, 61.26953125, 61.26953125, 61.26953125, 61.26953125, 61.26953125, 61.26953125, 61.26953125, 61.26953125, 61.26953125, 61.26953125, 61.26953125, 61.26953125, 61.26953125, 61.26953125, 61.26953125, 61.26953125, 61.26953125, 61.26953125, 61.26953125, 61.26953125, 61.26953125, 61.26953125, 61.26953125, 61.26953125, 61.26953125, 61.26953125, 61.26953125, 61.26953125, 61.26953125, 61.26953125, 61.26953125, 61.26953125, 61.26953125, 61.26953125, 61.26953125, 61.26953125, 61.26953125, 61.26953125, 61.26953125, 61.26953125, 61.26953125, 61.26953125, 61.26953125, 61.26953125, 61.26953125, 61.26953125, 61.26953125, 61.26953125, 61.26953125, 61.26953125, 61.26953125, 61.26953125, 61.26953125, 61.26953125, 61.26953125, 61.26953125]
200,40.42033505439758,badwooooooooooooooooooooooooooooorx,[61.28515625, 61.2734375, 61.2734375, 61.2734375, 61.2734375, 61.2734375, 61.2734375, 61.2734375, 61.2734375, 61.2734375, 61.2734375, 61.2734375, 61.2734375, 61.2734375, 61.2734375, 61.2734375, 61.2734375, 61.2734375, 61.2734375, 61.2734375, 61.2734375, 61.2734375, 61.2734375, 61.2734375, 61.2734375, 61.2734375, 61.2734375, 61.2734375, 61.2734375, 61.2734375, 61.2734375, 61.2734375, 61.2734375, 61.2734375, 61.2734375, 61.2734375, 61.2734375, 61.2734375, 61.2734375, 61.2734375, 61.2734375, 61.2734375, 61.2734375, 61.2734375, 61.2734375, 61.2734375, 61.2734375, 61.2734375, 61.2734375, 61.2734375, 61.2734375, 61.2734375, 61.2734375, 61.2734375, 61.2734375, 61.2734375, 61.2734375, 61.2734375, 61.2734375, 61.2734375, 61.2734375, 61.2734375, 61.2734375, 61.2734375, 61.2734375, 61.2734375, 61.2734375, 61.2734375, 61.2734375, 61.2734375, 61.2734375, 61.2734375, 61.2734375, 61.2734375, 61.2734375, 61.2734375, 61.2734375, 61.2734375, 61.2734375, 61.2734375, 61.2734375, 61.2734375, 61.2734375, 61.2734375, 61.2734375, 61.2734375, 61.2734375, 61.2734375, 61.2734375, 61.2734375, 61.2734375, 61.2734375, 61.2734375, 61.2734375, 61.2734375, 61.2734375, 61.2734375, 61.2734375, 61.2734375, 61.2734375, 61.2734375, 61.2734375, 61.2734375, 61.2734375, 61.2734375, 61.2734375, 61.2734375, 61.2734375, 61.2734375, 61.2734375, 61.2734375, 61.2734375, 61.2734375, 61.2734375, 61.2734375, 61.2734375, 61.2734375, 61.2734375, 61.2734375, 61.2734375, 61.2734375, 61.2734375, 61.2734375, 61.2734375, 61.2734375, 61.2734375, 61.2734375, 61.2734375, 61.2734375, 61.2734375, 61.2734375, 61.2734375, 61.2734375, 61.2734375, 61.2734375, 61.2734375, 61.2734375, 61.2734375, 61.2734375, 61.2734375, 61.2734375, 61.2734375, 61.2734375, 61.2734375, 61.2734375, 61.2734375, 61.2734375, 61.2734375, 61.2734375, 61.2734375, 61.2734375, 61.2734375, 61.2734375, 61.2734375, 61.2734375, 61.2734375, 61.2734375, 61.2734375, 61.2734375, 61.2734375, 61.2734375, 61.2734375, 61.2734375, 61.2734375, 61.2734375, 61.2734375, 61.2734375, 61.2734375, 61.2734375, 61.2734375, 61.2734375, 61.2734375, 61.2734375, 61.2734375, 61.2734375, 61.2734375, 61.2734375, 61.2734375, 61.2734375, 61.2734375, 61.2734375, 61.2734375, 61.2734375, 61.2734375, 61.2734375, 61.2734375, 61.2734375, 61.2734375, 61.2734375, 61.2734375, 61.2734375, 61.2734375, 61.2734375, 61.2734375, 61.2734375, 61.2734375, 61.2734375, 61.2734375, 61.2734375, 61.2734375, 61.2734375, 61.2734375, 61.2734375, 61.2734375, 61.2734375, 61.2734375, 61.2734375, 61.2734375, 61.2734375, 61.2734375, 61.2734375, 61.2734375, 61.2734375, 61.2734375, 61.2734375, 61.2734375, 61.2734375, 61.2734375, 61.2734375, 61.2734375, 61.2734375, 61.2734375, 61.2734375, 61.2734375, 61.2734375, 61.2734375, 61.2734375, 61.2734375, 61.2734375, 61.2734375, 61.2734375, 61.2734375, 61.2734375, 61.2734375, 61.2734375, 61.2734375, 61.2734375, 61.2734375, 61.2734375, 61.2734375, 61.2734375, 61.2734375, 61.2734375, 61.2734375, 61.2734375, 61.2734375, 61.2734375, 61.2734375, 61.2734375, 61.2734375, 61.2734375, 61.2734375, 61.2734375, 61.2734375, 61.2734375, 61.2734375, 61.2734375, 61.2734375, 61.2734375, 61.2734375, 61.2734375, 61.2734375, 61.2734375, 61.2734375, 61.2734375, 61.2734375, 61.2734375, 61.2734375, 61.2734375, 61.2734375, 61.2734375, 61.2734375, 61.2734375, 61.2734375, 61.2734375, 61.2734375, 61.2734375, 61.2734375, 61.2734375, 61.2734375, 61.2734375, 61.2734375, 61.2734375, 61.2734375, 61.2734375, 61.2734375, 61.2734375, 61.2734375, 61.2734375, 61.2734375, 61.2734375, 61.2734375, 61.2734375, 61.2734375, 61.2734375, 61.2734375, 61.2734375, 61.2734375, 61.2734375, 61.2734375, 61.2734375, 61.2734375, 61.2734375, 61.2734375, 61.2734375, 61.2734375, 61.2734375, 61.2734375, 61.2734375, 61.2734375, 61.2734375, 61.2734375, 61.2734375, 61.2734375, 61.2734375, 61.2734375, 61.2734375, 61.2734375, 61.2734375, 61.2734375, 61.2734375, 61.2734375, 61.2734375, 61.2734375, 61.2734375, 61.2734375, 61.2734375, 61.2734375, 61.2734375, 61.2734375, 61.2734375, 61.2734375, 61.2734375, 61.2734375, 61.2734375, 61.2734375, 61.2734375, 61.2734375, 61.2734375, 61.2734375, 61.2734375, 61.2734375, 61.2734375, 61.2734375, 61.2734375, 61.2734375, 61.2734375, 61.2734375, 61.2734375, 61.2734375, 61.2734375, 61.2734375, 61.2734375, 61.2734375, 61.2734375, 61.2734375, 61.2734375, 61.2734375, 61.2734375, 61.2734375, 61.2734375, 61.2734375, 61.2734375, 61.2734375, 61.2734375, 61.2734375, 61.2734375, 61.2734375, 61.2734375, 61.2734375, 61.2734375, 61.2734375]
200,79.96601867675781,badwoooooooooooooooooooooooooooooorx,[61.35546875, 61.34375, 61.34375, 61.34375, 61.34375, 61.34375, 61.34375, 61.34375, 61.34375, 61.34375, 61.34375, 61.34375, 61.34375, 61.34375, 61.34375, 61.34375, 61.34375, 61.34375, 61.34375, 61.34375, 61.34375, 61.34375, 61.34375, 61.34375, 61.34375, 61.34375, 61.34375, 61.34375, 61.34375, 61.34375, 61.34375, 61.34375, 61.34375, 61.34375, 61.34375, 61.34375, 61.34375, 61.34375, 61.34375, 61.34375, 61.34375, 61.34375, 61.34375, 61.34375, 61.34375, 61.34375, 61.34375, 61.34375, 61.34375, 61.34375, 61.34375, 61.34375, 61.34375, 61.34375, 61.34375, 61.34375, 61.34375, 61.34375, 61.34375, 61.34375, 61.34375, 61.34375, 61.34375, 61.34375, 61.34375, 61.34375, 61.34375, 61.34375, 61.34375, 61.34375, 61.34375, 61.34375, 61.34375, 61.34375, 61.34375, 61.34375, 61.34375, 61.34375, 61.34375, 61.34375, 61.34375, 61.34375, 61.34375, 61.34375, 61.34375, 61.34375, 61.34375, 61.34375, 61.34375, 61.34375, 61.34375, 61.34375, 61.34375, 61.34375, 61.34375, 61.34375, 61.34375, 61.34375, 61.34375, 61.34375, 61.34375, 61.34375, 61.34375, 61.34375, 61.34375, 61.34375, 61.34375, 61.34375, 61.34375, 61.34375, 61.34375, 61.34375, 61.34375, 61.34375, 61.34375, 61.34375, 61.34375, 61.34375, 61.34375, 61.34375, 61.34375, 61.34375, 61.34375, 61.34375, 61.34375, 61.34375, 61.34375, 61.34375, 61.34375, 61.34375, 61.34375, 61.34375, 61.34375, 61.34375, 61.34375, 61.34375, 61.34375, 61.34375, 61.34375, 61.34375, 61.34375, 61.34375, 61.34375, 61.34375, 61.34375, 61.34375, 61.34375, 61.34375, 61.34375, 61.34375, 61.34375, 61.34375, 61.34375, 61.34375, 61.34375, 61.34375, 61.34375, 61.34375, 61.34375, 61.34375, 61.34375, 61.34375, 61.34375, 61.34375, 61.34375, 61.34375, 61.34375, 61.34375, 61.34375, 61.34375, 61.34375, 61.34375, 61.34375, 61.34375, 61.34375, 61.34375, 61.34375, 61.34375, 61.34375, 61.34375, 61.34375, 61.34375, 61.34375, 61.34375, 61.34375, 61.34375, 61.34375, 61.34375, 61.34375, 61.34375, 61.34375, 61.34375, 61.34375, 61.34375, 61.34375, 61.34375, 61.34375, 61.34375, 61.34375, 61.34375, 61.34375, 61.34375, 61.34375, 61.34375, 61.34375, 61.34375, 61.34375, 61.34375, 61.34375, 61.34375, 61.34375, 61.34375, 61.34375, 61.34375, 61.34375, 61.34375, 61.34375, 61.34375, 61.34375, 61.34375, 61.34375, 61.34375, 61.34375, 61.34375, 61.34375, 61.34375, 61.34375, 61.34375, 61.34375, 61.34375, 61.34375, 61.34375, 61.34375, 61.34375, 61.34375, 61.34375, 61.34375, 61.34375, 61.34375, 61.34375, 61.34375, 61.34375, 61.34375, 61.34375, 61.34375, 61.34375, 61.34375, 61.34375, 61.34375, 61.34375, 61.34375, 61.34375, 61.34375, 61.34375, 61.34375, 61.34375, 61.34375, 61.34375, 61.34375, 61.34375, 61.34375, 61.34375, 61.34375, 61.34375, 61.34375, 61.34375, 61.34375, 61.34375, 61.34375, 61.34375, 61.34375, 61.34375, 61.34375, 61.34375, 61.34375, 61.34375, 61.34375, 61.34375, 61.34375, 61.34375, 61.34375, 61.34375, 61.34375, 61.34375, 61.34375, 61.34375, 61.34375, 61.34375, 61.34375, 61.34375, 61.34375, 61.34375, 61.34375, 61.34375, 61.34375, 61.34375, 61.34375, 61.34375, 61.34375, 61.34375, 61.34375, 61.34375, 61.34375, 61.34375, 61.34375, 61.34375, 61.34375, 61.34375, 61.34375, 61.34375, 61.34375, 61.34375, 61.34375, 61.34375, 61.34375, 61.34375, 61.34375, 61.34375, 61.34375, 61.34375, 61.34375, 61.34375, 61.34375, 61.34375, 61.34375, 61.34375, 61.34375, 61.34375, 61.34375, 61.34375, 61.34375, 61.34375, 61.34375, 61.34375, 61.34375, 61.34375, 61.34375, 61.34375, 61.34375, 61.34375, 61.34375, 61.34375, 61.34375, 61.34375, 61.34375, 61.34375, 61.34375, 61.34375, 61.34375, 61.34375, 61.34375, 61.34375, 61.34375, 61.34375, 61.34375, 61.34375, 61.34375, 61.34375, 61.34375, 61.34375, 61.34375, 61.34375, 61.34375, 61.34375, 61.34375, 61.34375, 61.34375, 61.34375, 61.34375, 61.34375, 61.34375, 61.34375, 61.34375, 61.34375, 61.34375, 61.34375, 61.34375, 61.34375, 61.34375, 61.34375, 61.34375, 61.34375, 61.34375, 61.34375, 61.34375, 61.34375, 61.34375, 61.34375, 61.34375, 61.34375, 61.34375, 61.34375, 61.34375, 61.34375, 61.34375, 61.34375, 61.34375, 61.34375, 61.34375, 61.34375, 61.34375, 61.34375, 61.34375, 61.34375, 61.34375, 61.34375, 61.34375, 61.34375, 61.34375, 61.34375, 61.34375, 61.34375, 61.34375, 61.34375, 61.34375, 61.34375, 61.34375, 61.34375, 61.34375, 61.34375, 61.34375, 61.34375, 61.34375, 61.34375, 61.34375, 61.34375, 61.34375, 61.34375, 61.34375, 61.34375, 61.34375, 61.34375, 61.34375, 61.34375, 61.34375, 61.34375, 61.34375, 61.34375, 61.34375, 61.34375, 61.34375, 61.34375, 61.34375, 61.34375, 61.34375, 61.34375, 61.34375, 61.34375, 61.34375, 61.34375, 61.34375, 61.34375, 61.34375, 61.34375, 61.34375, 61.34375, 61.34375, 61.34375, 61.34375, 61.34375, 61.34375, 61.34375, 61.34375, 61.34375, 61.34375, 61.34375, 61.34375, 61.34375, 61.34375, 61.34375, 61.34375, 61.34375, 61.34375, 61.34375, 61.34375, 61.34375, 61.34375, 61.34375, 61.34375, 61.34375, 61.34375, 61.34375, 61.34375, 61.34375, 61.34375, 61.34375, 61.34375, 61.34375, 61.34375, 61.34375, 61.34375, 61.34375, 61.34375, 61.34375, 61.34375, 61.34375, 61.34375, 61.34375, 61.34375, 61.34375, 61.34375, 61.34375, 61.34375, 61.34375, 61.34375, 61.34375, 61.34375, 61.34375, 61.34375, 61.34375, 61.34375, 61.34375, 61.34375, 61.34375, 61.34375, 61.34375, 61.34375, 61.34375, 61.34375, 61.34375, 61.34375, 61.34375, 61.34375, 61.34375, 61.34375, 61.34375, 61.34375, 61.34375, 61.34375, 61.34375, 61.34375, 61.34375, 61.34375, 61.34375, 61.34375, 61.34375, 61.34375, 61.34375, 61.34375, 61.34375, 61.34375, 61.34375, 61.34375, 61.34375, 61.34375, 61.34375, 61.34375, 61.34375, 61.34375, 61.34375, 61.34375, 61.34375, 61.34375, 61.34375, 61.34375, 61.34375, 61.34375, 61.34375, 61.34375, 61.34375, 61.34375, 61.34375, 61.34375, 61.34375, 61.34375, 61.34375, 61.34375, 61.34375, 61.34375, 61.34375, 61.34375, 61.34375, 61.34375, 61.34375, 61.34375, 61.34375, 61.34375, 61.34375, 61.34375, 61.34375, 61.34375, 61.34375, 61.34375, 61.34375, 61.34375, 61.34375, 61.34375, 61.34375, 61.34375, 61.34375, 61.34375, 61.34375, 61.34375, 61.34375, 61.34375, 61.34375, 61.34375, 61.34375, 61.34375, 61.34375, 61.34375, 61.34375, 61.34375, 61.34375, 61.34375, 61.34375, 61.34375, 61.34375, 61.34375, 61.34375, 61.34375, 61.34375, 61.34375, 61.34375, 61.34375, 61.34375, 61.34375, 61.34375, 61.34375, 61.34375, 61.34375, 61.34375, 61.34375, 61.34375, 61.34375, 61.34375, 61.34375, 61.34375, 61.34375, 61.34375, 61.34375, 61.34375, 61.34375, 61.34375, 61.34375, 61.34375, 61.34375, 61.34375, 61.34375, 61.34375, 61.34375, 61.34375, 61.34375, 61.34375, 61.34375, 61.34375, 61.34375, 61.34375, 61.34375, 61.34375, 61.34375, 61.34375, 61.34375, 61.34375, 61.34375, 61.34375, 61.34375, 61.34375, 61.34375, 61.34375, 61.34375, 61.34375, 61.34375, 61.34375, 61.34375, 61.34375, 61.34375, 61.34375, 61.34375, 61.34375, 61.34375, 61.34375, 61.34375, 61.34375, 61.34375, 61.34375, 61.34375, 61.34375, 61.34375, 61.34375, 61.34375, 61.34375, 61.34375, 61.34375, 61.34375, 61.34375, 61.34375, 61.34375, 61.34375, 61.34375, 61.34375, 61.34375, 61.34375, 61.34375, 61.34375, 61.34375, 61.34375, 61.34375, 61.34375, 61.34375, 61.34375, 61.34375, 61.34375, 61.34375, 61.34375, 61.34375, 61.34375, 61.34375, 61.34375, 61.34375, 61.34375, 61.34375, 61.34375, 61.34375, 61.34375, 61.34375, 61.34375, 61.34375, 61.34375, 61.34375, 61.34375, 61.34375, 61.34375, 61.34375, 61.34375, 61.34375, 61.34375, 61.34375, 61.34375, 61.34375, 61.34375, 61.34375, 61.34375, 61.34375, 61.34375, 61.34375, 61.34375]
200,164.34272956848145,badwooooooooooooooooooooooooooooooorx,[61.4453125, 61.44921875, 61.44921875, 61.44921875, 61.44921875, 61.44921875, 61.44921875, 61.44921875, 61.44921875, 61.44921875, 61.44921875, 61.44921875, 61.44921875, 61.44921875, 61.44921875, 61.44921875, 61.44921875, 61.44921875, 61.44921875, 61.44921875, 61.44921875, 61.44921875, 61.44921875, 61.44921875, 61.44921875, 61.44921875, 61.44921875, 61.44921875, 61.44921875, 61.44921875, 61.44921875, 61.44921875, 61.44921875, 61.44921875, 61.44921875, 61.44921875, 61.44921875, 61.44921875, 61.44921875, 61.44921875, 61.44921875, 61.44921875, 61.44921875, 61.44921875, 61.44921875, 61.44921875, 61.44921875, 61.44921875, 61.44921875, 61.44921875, 61.44921875, 61.46875, 61.46875, 61.46875, 61.46875, 61.46875, 61.46875, 61.46875, 61.46875, 61.46875, 61.46875, 61.46875, 61.46875, 61.46875, 61.46875, 61.46875, 61.46875, 61.46875, 61.46875, 61.46875, 61.46875, 61.46875, 61.46875, 61.46875, 61.46875, 61.46875, 61.46875, 61.46875, 61.46875, 61.46875, 61.46875, 61.46875, 61.46875, 61.46875, 61.46875, 61.46875, 61.46875, 61.46875, 61.46875, 61.46875, 61.46875, 61.46875, 61.46875, 61.46875, 61.46875, 61.46875, 61.46875, 61.46875, 61.46875, 61.46875, 61.46875, 61.46875, 61.46875, 61.46875, 61.46875, 61.46875, 61.46875, 61.46875, 61.46875, 61.46875, 61.46875, 61.46875, 61.46875, 61.46875, 61.46875, 61.46875, 61.46875, 61.46875, 61.46875, 61.46875, 61.46875, 61.46875, 61.46875, 61.46875, 61.46875, 61.46875, 61.46875, 61.46875, 61.46875, 61.46875, 61.46875, 61.46875, 61.46875, 61.46875, 61.46875, 61.46875, 61.46875, 61.46875, 61.46875, 61.46875, 61.46875, 61.46875, 61.46875, 61.46875, 61.46875, 61.46875, 61.46875, 61.46875, 61.46875, 61.46875, 61.46875, 61.46875, 61.46875, 61.46875, 61.46875, 61.46875, 61.46875, 61.46875, 61.46875, 61.46875, 61.46875, 61.46875, 61.46875, 61.46875, 61.46875, 61.46875, 61.46875, 61.46875, 61.46875, 61.46875, 61.46875, 61.46875, 61.46875, 61.46875, 61.46875, 61.46875, 61.46875, 61.46875, 61.46875, 61.46875, 61.46875, 61.46875, 61.46875, 61.46875, 61.46875, 61.46875, 61.46875, 61.46875, 61.46875, 61.46875, 61.46875, 61.46875, 61.46875, 61.46875, 61.46875, 61.46875, 61.46875, 61.46875, 61.46875, 61.46875, 61.46875, 61.46875, 61.46875, 61.46875, 61.46875, 61.46875, 61.46875, 61.46875, 61.46875, 61.46875, 61.46875, 61.46875, 61.46875, 61.46875, 61.46875, 61.46875, 61.46875, 61.46875, 61.46875, 61.46875, 61.46875, 61.46875, 61.46875, 61.46875, 61.46875, 61.46875, 61.46875, 61.46875, 61.46875, 61.46875, 61.46875, 61.46875, 61.46875, 61.46875, 61.46875, 61.46875, 61.46875, 61.46875, 61.46875, 61.46875, 61.46875, 61.46875, 61.46875, 61.46875, 61.46875, 61.46875, 61.46875, 61.46875, 61.46875, 61.46875, 61.46875, 61.46875, 61.46875, 61.46875, 61.46875, 61.46875, 61.46875, 61.46875, 61.46875, 61.46875, 61.46875, 61.46875, 61.46875, 61.46875, 61.46875, 61.46875, 61.46875, 61.46875, 61.46875, 61.46875, 61.46875, 61.46875, 61.46875, 61.46875, 61.46875, 61.46875, 61.46875, 61.46875, 61.46875, 61.46875, 61.46875, 61.46875, 61.46875, 61.46875, 61.46875, 61.46875, 61.46875, 61.46875, 61.46875, 61.46875, 61.46875, 61.46875, 61.46875, 61.46875, 61.46875, 61.46875, 61.46875, 61.46875, 61.46875, 61.46875, 61.46875, 61.46875, 61.46875, 61.46875, 61.46875, 61.46875, 61.46875, 61.46875, 61.46875, 61.46875, 61.46875, 61.46875, 61.46875, 61.46875, 61.46875, 61.46875, 61.46875, 61.46875, 61.46875, 61.46875, 61.46875, 61.46875, 61.46875, 61.46875, 61.46875, 61.46875, 61.46875, 61.46875, 61.46875, 61.46875, 61.46875, 61.46875, 61.46875, 61.46875, 61.46875, 61.46875, 61.46875, 61.46875, 61.46875, 61.46875, 61.46875, 61.46875, 61.46875, 61.46875, 61.46875, 61.46875, 61.46875, 61.46875, 61.46875, 61.46875, 61.46875, 61.46875, 61.46875, 61.46875, 61.46875, 61.46875, 61.46875, 61.46875, 61.46875, 61.46875, 61.46875, 61.46875, 61.46875, 61.46875, 61.46875, 61.46875, 61.46875, 61.46875, 61.46875, 61.46875, 61.46875, 61.46875, 61.46875, 61.46875, 61.46875, 61.46875, 61.46875, 61.46875, 61.46875, 61.46875, 61.46875, 61.46875, 61.46875, 61.46875, 61.46875, 61.46875, 61.46875, 61.46875, 61.46875, 61.46875, 61.46875, 61.46875, 61.46875, 61.46875, 61.46875, 61.46875, 61.46875, 61.46875, 61.46875, 61.46875, 61.46875, 61.46875, 61.46875, 61.46875, 61.46875, 61.46875, 61.46875, 61.46875, 61.46875, 61.46875, 61.46875, 61.46875, 61.46875, 61.46875, 61.46875, 61.46875, 61.46875, 61.46875, 61.46875, 61.46875, 61.46875, 61.46875, 61.46875, 61.46875, 61.46875, 61.46875, 61.46875, 61.46875, 61.46875, 61.46875, 61.46875, 61.46875, 61.46875, 61.46875, 61.46875, 61.46875, 61.46875, 61.46875, 61.46875, 61.46875, 61.46875, 61.46875, 61.46875, 61.46875, 61.46875, 61.46875, 61.46875, 61.46875, 61.46875, 61.46875, 61.46875, 61.46875, 61.46875, 61.46875, 61.46875, 61.46875, 61.46875, 61.46875, 61.46875, 61.46875, 61.46875, 61.46875, 61.46875, 61.46875, 61.46875, 61.46875, 61.46875, 61.46875, 61.46875, 61.46875, 61.46875, 61.46875, 61.46875, 61.46875, 61.46875, 61.46875, 61.46875, 61.46875, 61.46875, 61.46875, 61.46875, 61.46875, 61.46875, 61.46875, 61.46875, 61.46875, 61.46875, 61.46875, 61.46875, 61.46875, 61.46875, 61.46875, 61.46875, 61.46875, 61.46875, 61.46875, 61.46875, 61.46875, 61.46875, 61.46875, 61.46875, 61.46875, 61.46875, 61.46875, 61.46875, 61.46875, 61.46875, 61.46875, 61.46875, 61.46875, 61.46875, 61.46875, 61.46875, 61.46875, 61.46875, 61.46875, 61.46875, 61.46875, 61.46875, 61.46875, 61.46875, 61.46875, 61.46875, 61.46875, 61.46875, 61.46875, 61.46875, 61.46875, 61.46875, 61.46875, 61.46875, 61.46875, 61.46875, 61.46875, 61.46875, 61.46875, 61.46875, 61.46875, 61.46875, 61.46875, 61.46875, 61.46875, 61.46875, 61.46875, 61.46875, 61.46875, 61.46875, 61.46875, 61.46875, 61.46875, 61.46875, 61.46875, 61.46875, 61.46875, 61.46875, 61.46875, 61.46875, 61.46875, 61.46875, 61.46875, 61.46875, 61.46875, 61.46875, 61.46875, 61.46875, 61.46875, 61.46875, 61.46875, 61.46875, 61.46875, 61.46875, 61.46875, 61.46875, 61.46875, 61.46875, 61.46875, 61.46875, 61.46875, 61.46875, 61.46875, 61.46875, 61.46875, 61.46875, 61.46875, 61.46875, 61.46875, 61.46875, 61.46875, 61.46875, 61.46875, 61.46875, 61.46875, 61.46875, 61.46875, 61.46875, 61.46875, 61.46875, 61.46875, 61.46875, 61.46875, 61.46875, 61.46875, 61.46875, 61.46875, 61.46875, 61.46875, 61.46875, 61.46875, 61.46875, 61.46875, 61.46875, 61.46875, 61.46875, 61.46875, 61.46875, 61.46875, 61.46875, 61.46875, 61.46875, 61.46875, 61.46875, 61.46875, 61.46875, 61.46875, 61.46875, 61.46875, 61.46875, 61.46875, 61.46875, 61.46875, 61.46875, 61.46875, 61.46875, 61.46875, 61.46875, 61.46875, 61.46875, 61.46875, 61.46875, 61.46875, 61.46875, 61.46875, 61.46875, 61.46875, 61.46875, 61.46875, 61.46875, 61.46875, 61.46875, 61.46875, 61.46875, 61.46875, 61.46875, 61.46875, 61.46875, 61.46875, 61.46875, 61.46875, 61.46875, 61.46875, 61.46875, 61.46875, 61.46875, 61.46875, 61.46875, 61.46875, 61.46875, 61.46875, 61.46875, 61.46875, 61.46875, 61.46875, 61.46875, 61.46875, 61.46875, 61.46875, 61.46875, 61.46875, 61.46875, 61.46875, 61.46875, 61.46875, 61.46875, 61.46875, 61.46875, 61.46875, 61.46875, 61.46875, 61.46875, 61.46875, 61.46875, 61.46875, 61.46875, 61.46875, 61.46875, 61.46875, 61.46875, 61.46875, 61.46875, 61.46875, 61.46875, 61.46875, 61.46875, 61.46875, 61.46875, 61.46875, 61.46875, 61.46875, 61.46875, 61.46875, 61.46875, 61.46875, 61.46875, 61.46875, 61.46875, 61.46875, 61.46875, 61.46875, 61.46875, 61.46875, 61.46875, 61.46875, 61.46875, 61.46875, 61.46875, 61.46875, 61.46875, 61.46875, 61.46875, 61.46875, 61.46875, 61.46875, 61.46875, 61.46875, 61.46875, 61.46875, 61.46875, 61.46875, 61.46875, 61.46875, 61.46875, 61.46875, 61.46875, 61.46875, 61.46875, 61.46875, 61.46875, 61.46875, 61.46875, 61.46875, 61.46875, 61.46875, 61.46875, 61.46875, 61.46875, 61.46875, 61.46875, 61.46875, 61.46875, 61.46875, 61.46875, 61.46875, 61.46875, 61.46875, 61.46875, 61.46875, 61.46875, 61.46875, 61.46875, 61.46875, 61.46875, 61.46875, 61.46875, 61.46875, 61.46875, 61.46875, 61.46875, 61.46875, 61.46875, 61.46875, 61.46875, 61.46875, 61.46875, 61.46875, 61.46875, 61.46875, 61.46875, 61.46875, 61.46875, 61.46875, 61.46875, 61.46875, 61.46875, 61.46875, 61.46875, 61.46875, 61.46875, 61.46875, 61.46875, 61.46875, 61.46875, 61.46875, 61.46875, 61.46875, 61.46875, 61.46875, 61.46875, 61.46875, 61.46875, 61.46875, 61.46875, 61.46875, 61.46875, 61.46875, 61.46875, 61.46875, 61.46875, 61.46875, 61.46875, 61.46875, 61.46875, 61.46875, 61.46875, 61.46875, 61.46875, 61.46875, 61.46875, 61.46875, 61.46875, 61.46875, 61.46875, 61.46875, 61.46875, 61.46875, 61.46875, 61.46875, 61.46875, 61.46875, 61.46875, 61.46875, 61.46875, 61.46875, 61.46875, 61.46875, 61.46875, 61.46875, 61.46875, 61.46875, 61.46875, 61.46875, 61.46875, 61.46875, 61.46875, 61.46875, 61.46875, 61.46875, 61.46875, 61.46875, 61.46875, 61.46875, 61.46875, 61.46875, 61.46875, 61.46875, 61.46875, 61.46875, 61.46875, 61.46875, 61.46875, 61.46875, 61.46875, 61.46875, 61.46875, 61.46875, 61.46875, 61.46875, 61.46875, 61.46875, 61.46875, 61.46875, 61.46875, 61.46875, 61.46875, 61.46875, 61.46875, 61.46875, 61.46875, 61.46875, 61.46875, 61.46875, 61.46875, 61.46875, 61.46875, 61.46875, 61.46875, 61.46875, 61.46875, 61.46875, 61.46875, 61.46875, 61.46875, 61.46875, 61.46875, 61.46875, 61.46875, 61.46875, 61.46875, 61.46875, 61.46875, 61.46875, 61.46875, 61.46875, 61.46875, 61.46875, 61.46875, 61.46875, 61.46875, 61.46875, 61.46875, 61.46875, 61.46875, 61.46875, 61.46875, 61.46875, 61.46875, 61.46875, 61.46875, 61.46875, 61.46875, 61.46875, 61.46875, 61.46875, 61.46875, 61.46875, 61.46875, 61.46875, 61.46875, 61.46875, 61.46875, 61.46875, 61.46875, 61.46875, 61.46875, 61.46875, 61.46875, 61.46875, 61.46875, 61.46875, 61.46875, 61.46875, 61.46875, 61.46875, 61.46875, 61.46875, 61.46875, 61.46875, 61.46875, 61.46875, 61.46875, 61.46875, 61.46875, 61.46875, 61.46875, 61.46875, 61.46875, 61.46875, 61.46875, 61.46875, 61.46875, 61.46875, 61.46875, 61.46875, 61.46875, 61.46875, 61.46875, 61.46875, 61.46875, 61.46875, 61.46875, 61.46875, 61.46875, 61.46875, 61.46875, 61.46875, 61.46875, 61.46875, 61.46875, 61.46875, 61.46875, 61.46875, 61.46875, 61.46875, 61.46875, 61.46875, 61.46875, 61.44921875, 61.44921875, 61.44921875, 61.44921875, 61.44921875, 61.44921875, 61.44921875, 61.44921875, 61.44921875, 61.44921875, 61.44921875, 61.44921875, 61.44921875, 61.44921875, 61.44921875, 61.44921875, 61.44921875, 61.44921875, 61.44921875, 61.44921875, 61.44921875, 61.44921875, 61.44921875, 61.44921875, 61.44921875, 61.44921875, 61.44921875, 61.44921875, 61.44921875, 61.44921875, 61.44921875, 61.44921875, 61.44921875, 61.44921875, 61.44921875, 61.44921875, 61.44921875, 61.44921875, 61.44921875, 61.44921875, 61.44921875, 61.44921875, 61.44921875, 61.44921875, 61.44921875, 61.44921875, 61.44921875, 61.44921875, 61.44921875, 61.44921875, 61.44921875, 61.44921875, 61.44921875, 61.44921875, 61.44921875, 61.44921875, 61.44921875, 61.44921875, 61.44921875, 61.44921875, 61.44921875, 61.44921875, 61.44921875, 61.44921875, 61.44921875, 61.44921875, 61.44921875, 61.44921875, 61.44921875, 61.44921875, 61.44921875, 61.44921875, 61.44921875, 61.44921875, 61.44921875, 61.44921875, 61.44921875, 61.44921875, 61.44921875, 61.44921875, 61.44921875, 61.44921875, 61.44921875, 61.44921875, 61.44921875, 61.44921875, 61.44921875, 61.44921875, 61.44921875, 61.44921875, 61.44921875, 61.44921875, 61.44921875, 61.44921875, 61.44921875, 61.44921875, 61.44921875, 61.44921875, 61.44921875, 61.44921875, 61.44921875, 61.44921875, 61.44921875, 61.44921875, 61.44921875, 61.44921875, 61.44921875, 61.44921875, 61.44921875, 61.44921875, 61.44921875, 61.44921875, 61.44921875, 61.44921875, 61.44921875, 61.44921875, 61.44921875, 61.44921875, 61.44921875, 61.44921875, 61.44921875, 61.44921875, 61.44921875, 61.44921875, 61.44921875, 61.44921875, 61.44921875, 61.44921875, 61.44921875, 61.44921875, 61.44921875, 61.44921875, 61.44921875, 61.44921875, 61.44921875, 61.44921875, 61.44921875, 61.44921875, 61.44921875, 61.44921875, 61.44921875, 61.44921875, 61.44921875, 61.44921875, 61.44921875, 61.44921875, 61.44921875, 61.44921875, 61.44921875, 61.44921875, 61.44921875, 61.44921875, 61.44921875, 61.44921875, 61.44921875, 61.44921875, 61.44921875, 61.44921875, 61.44921875, 61.44921875, 61.44921875, 61.44921875, 61.44921875, 61.44921875, 61.44921875, 61.44921875, 61.44921875, 61.44921875, 61.44921875, 61.44921875, 61.44921875, 61.44921875, 61.44921875, 61.44921875, 61.44921875, 61.44921875, 61.44921875, 61.44921875, 61.44921875, 61.44921875, 61.44921875, 61.44921875, 61.44921875, 61.44921875, 61.44921875, 61.44921875, 61.44921875, 61.44921875, 61.44921875, 61.44921875, 61.44921875, 61.44921875, 61.44921875, 61.44921875, 61.44921875, 61.44921875, 61.44921875, 61.44921875, 61.44921875, 61.44921875, 61.44921875, 61.44921875, 61.44921875, 61.44921875, 61.44921875, 61.44921875, 61.44921875, 61.44921875, 61.44921875, 61.44921875, 61.44921875, 61.44921875, 61.44921875, 61.44921875, 61.44921875, 61.44921875, 61.44921875, 61.44921875, 61.44921875, 61.44921875, 61.44921875, 61.44921875, 61.44921875, 61.44921875, 61.44921875, 61.44921875, 61.44921875, 61.44921875, 61.44921875, 61.44921875, 61.44921875, 61.44921875, 61.44921875, 61.44921875, 61.44921875, 61.44921875, 61.44921875, 61.44921875, 61.44921875, 61.44921875, 61.44921875, 61.44921875, 61.44921875, 61.44921875, 61.44921875, 61.44921875, 61.44921875, 61.44921875, 61.44921875, 61.44921875, 61.44921875, 61.44921875, 61.44921875, 61.44921875, 61.44921875, 61.44921875, 61.44921875, 61.44921875, 61.44921875, 61.44921875, 61.44921875, 61.44921875, 61.44921875, 61.44921875, 61.44921875, 61.44921875, 61.44921875, 61.44921875, 61.44921875, 61.44921875, 61.44921875, 61.44921875, 61.44921875, 61.44921875, 61.44921875, 61.44921875, 61.44921875, 61.44921875, 61.44921875, 61.44921875, 61.44921875, 61.44921875, 61.44921875, 61.44921875, 61.44921875, 61.44921875, 61.44921875, 61.44921875, 61.44921875, 61.44921875, 61.44921875, 61.44921875, 61.44921875, 61.44921875, 61.44921875, 61.44921875, 61.44921875, 61.44921875, 61.44921875, 61.44921875, 61.44921875, 61.44921875, 61.44921875, 61.44921875, 61.44921875, 61.44921875, 61.44921875, 61.44921875, 61.44921875, 61.44921875, 61.44921875, 61.44921875, 61.44921875, 61.44921875, 61.44921875, 61.44921875, 61.44921875, 61.44921875, 61.44921875, 61.44921875, 61.44921875, 61.44921875, 61.44921875, 61.44921875, 61.44921875, 61.44921875, 61.44921875, 61.44921875, 61.44921875, 61.44921875, 61.44921875, 61.44921875, 61.44921875, 61.44921875, 61.44921875, 61.44921875, 61.44921875, 61.44921875, 61.44921875, 61.44921875, 61.44921875, 61.44921875, 61.44921875, 61.44921875, 61.44921875, 61.44921875, 61.44921875, 61.44921875, 61.44921875, 61.44921875, 61.44921875, 61.44921875, 61.44921875, 61.44921875, 61.44921875, 61.44921875, 61.44921875, 61.44921875, 61.44921875, 61.44921875, 61.44921875, 61.44921875, 61.44921875, 61.44921875, 61.44921875, 61.44921875, 61.44921875, 61.44921875, 61.44921875, 61.44921875, 61.44921875, 61.44921875, 61.44921875, 61.44921875, 61.44921875, 61.44921875, 61.44921875, 61.44921875, 61.44921875, 61.44921875, 61.44921875, 61.44921875, 61.44921875, 61.44921875, 61.44921875, 61.44921875, 61.44921875, 61.44921875, 61.44921875, 61.44921875, 61.44921875, 61.44921875, 61.44921875, 61.44921875, 61.44921875, 61.44921875, 61.44921875, 61.44921875, 61.44921875, 61.44921875, 61.44921875, 61.44921875, 61.44921875, 61.44921875, 61.44921875, 61.44921875, 61.44921875, 61.44921875, 61.44921875, 61.44921875, 61.44921875, 61.44921875, 61.44921875, 61.44921875, 61.44921875, 61.44921875, 61.44921875, 61.44921875, 61.44921875, 61.44921875, 61.44921875, 61.44921875, 61.44921875, 61.44921875, 61.44921875, 61.44921875, 61.44921875, 61.44921875, 61.44921875, 61.44921875, 61.44921875, 61.44921875, 61.44921875, 61.44921875, 61.44921875, 61.44921875, 61.44921875, 61.44921875, 61.44921875, 61.44921875, 61.44921875, 61.44921875, 61.44921875, 61.44921875, 61.44921875, 61.44921875, 61.44921875, 61.44921875, 61.44921875, 61.44921875, 61.44921875, 61.44921875, 61.44921875, 61.44921875, 61.44921875, 61.44921875, 61.44921875, 61.44921875, 61.44921875, 61.44921875, 61.44921875, 61.44921875, 61.44921875, 61.44921875, 61.44921875, 61.44921875, 61.44921875, 61.44921875, 61.44921875, 61.44921875, 61.44921875, 61.44921875, 61.44921875, 61.44921875, 61.44921875, 61.44921875, 61.44921875, 61.44921875, 61.44921875, 61.44921875, 61.44921875, 61.44921875, 61.44921875, 61.44921875, 61.44921875, 61.44921875, 61.44921875, 61.44921875, 61.44921875, 61.44921875, 61.44921875, 61.44921875, 61.44921875, 61.44921875, 61.44921875, 61.44921875, 61.44921875, 61.44921875, 61.44921875, 61.44921875, 61.44921875, 61.44921875, 61.44921875, 61.44921875, 61.44921875, 61.44921875, 61.44921875, 61.44921875, 61.44921875, 61.44921875, 61.44921875, 61.44921875, 61.44921875, 61.44921875, 61.44921875, 61.44921875, 61.44921875, 61.44921875, 61.44921875, 61.44921875, 61.44921875, 61.44921875]
200,348.85932183265686,badwoooooooooooooooooooooooooooooooorx,[61.59375, 61.58203125, 61.58203125, 61.58203125, 61.58203125, 61.58203125, 61.58203125, 61.58203125, 61.58203125, 61.58203125, 61.58203125, 61.58203125, 61.58203125, 61.58203125, 61.58203125, 61.58203125, 61.58203125, 61.58203125, 61.58203125, 61.58203125, 61.58203125, 61.58203125, 61.58203125, 61.58203125, 61.58203125, 61.58203125, 61.58203125, 61.58203125, 61.58203125, 61.58203125, 61.58203125, 61.58203125, 61.58203125, 61.58203125, 61.58203125, 61.58203125, 61.58203125, 61.58203125, 61.58203125, 61.58203125, 61.58203125, 61.58203125, 61.58203125, 61.58203125, 61.58203125, 61.58203125, 61.58203125, 61.58203125, 61.58203125, 61.58203125, 61.58203125, 61.58203125, 61.58203125, 61.58203125, 61.58203125, 61.58203125, 61.58203125, 61.58203125, 61.58203125, 61.58203125, 61.58203125, 61.58203125, 61.58203125, 61.58203125, 61.58203125, 61.58203125, 61.58203125, 61.58203125, 61.58203125, 61.58203125, 61.58203125, 61.58203125, 61.58203125, 61.58203125, 61.58203125, 61.58203125, 61.58203125, 61.58203125, 61.58203125, 61.58203125, 61.58203125, 61.58203125, 61.58203125, 61.58203125, 61.58203125, 61.58203125, 61.58203125, 61.58203125, 61.58203125, 61.58203125, 61.58203125, 61.58203125, 61.58203125, 61.58203125, 61.58203125, 61.58203125, 61.58203125, 61.58203125, 61.58203125, 61.58203125, 61.58203125, 61.58203125, 61.58203125, 61.58203125, 61.58203125, 61.58203125, 61.58203125, 61.58203125, 61.58203125, 61.58203125, 61.58203125, 61.58203125, 61.58203125, 61.58203125, 61.58203125, 61.58203125, 61.58203125, 61.58203125, 61.58203125, 61.58203125, 61.58203125, 61.58203125, 61.58203125, 61.58203125, 61.58203125, 61.58203125, 61.58203125, 61.58203125, 61.58203125, 61.58203125, 61.58203125, 61.58203125, 61.58203125, 61.58203125, 61.58203125, 61.58203125, 61.58203125, 61.58203125, 61.58203125, 61.58203125, 61.58203125, 61.58203125, 61.58203125, 61.58203125, 61.58203125, 61.58203125, 61.58203125, 61.58203125, 61.58203125, 61.58203125, 61.58203125, 61.58203125, 61.58203125, 61.58203125, 61.58203125, 61.58203125, 61.58203125, 61.58203125, 61.58203125, 61.58203125, 61.58203125, 61.58203125, 61.58203125, 61.58203125, 61.58203125, 61.58203125, 61.58203125, 61.58203125, 61.58203125, 61.58203125, 61.58203125, 61.58203125, 61.58203125, 61.58203125, 61.58203125, 61.58203125, 61.58203125, 61.58203125, 61.58203125, 61.58203125, 61.58203125, 61.58203125, 61.58203125, 61.58203125, 61.58203125, 61.58203125, 61.58203125, 61.58203125, 61.58203125, 61.58203125, 61.58203125, 61.58203125, 61.58203125, 61.58203125, 61.58203125, 61.58203125, 61.58203125, 61.58203125, 61.58203125, 61.58203125, 61.58203125, 61.58203125, 61.58203125, 61.58203125, 61.58203125, 61.58203125, 61.58203125, 61.58203125, 61.58203125, 61.58203125, 61.58203125, 61.58203125, 61.58203125, 61.58203125, 61.58203125, 61.58203125, 61.58203125, 61.58203125, 61.58203125, 61.58203125, 61.58203125, 61.58203125, 61.58203125, 61.58203125, 61.58203125, 61.58203125, 61.58203125, 61.58203125, 61.58203125, 61.58203125, 61.58203125, 61.58203125, 61.58203125, 61.58203125, 61.58203125, 61.58203125, 61.58203125, 61.58203125, 61.58203125, 61.58203125, 61.58203125, 61.58203125, 61.58203125, 61.58203125, 61.58203125, 61.58203125, 61.58203125, 61.58203125, 61.58203125, 61.58203125, 61.58203125, 61.58203125, 61.58203125, 61.58203125, 61.58203125, 61.58203125, 61.58203125, 61.58203125, 61.58203125, 61.58203125, 61.58203125, 61.58203125, 61.58203125, 61.58203125, 61.58203125, 61.58203125, 61.58203125, 61.58203125, 61.58203125, 61.58203125, 61.58203125, 61.58203125, 61.58203125, 61.58203125, 61.58203125, 61.58203125, 61.58203125, 61.58203125, 61.58203125, 61.58203125, 61.58203125, 61.58203125, 61.58203125, 61.58203125, 61.58203125, 61.58203125, 61.58203125, 61.58203125, 61.58203125, 61.58203125, 61.58203125, 61.58203125, 61.58203125, 61.58203125, 61.58203125, 61.58203125, 61.58203125, 61.58203125, 61.58203125, 61.58203125, 61.58203125, 61.58203125, 61.58203125, 61.58203125, 61.58203125, 61.58203125, 61.58203125, 61.58203125, 61.58203125, 61.58203125, 61.58203125, 61.58203125, 61.58203125, 61.58203125, 61.58203125, 61.58203125, 61.58203125, 61.58203125, 61.58203125, 61.58203125, 61.58203125, 61.58203125, 61.58203125, 61.58203125, 61.58203125, 61.58203125, 61.58203125, 61.58203125, 61.58203125, 61.58203125, 61.58203125, 61.58203125, 61.58203125, 61.58203125, 61.58203125, 61.58203125, 61.58203125, 61.58203125, 61.58203125, 61.58203125, 61.58203125, 61.58203125, 61.58203125, 61.58203125, 61.58203125, 61.58203125, 61.58203125, 61.58203125, 61.58203125, 61.58203125, 61.58203125, 61.58203125, 61.58203125, 61.58203125, 61.58203125, 61.58203125, 61.58203125, 61.58203125, 61.58203125, 61.58203125, 61.58203125, 61.58203125, 61.58203125, 61.58203125, 61.58203125, 61.58203125, 61.58203125, 61.58203125, 61.58203125, 61.58203125, 61.58203125, 61.58203125, 61.58203125, 61.58203125, 61.58203125, 61.58203125, 61.58203125, 61.58203125, 61.58203125, 61.58203125, 61.58203125, 61.58203125, 61.58203125, 61.58203125, 61.58203125, 61.58203125, 61.58203125, 61.58203125, 61.58203125, 61.58203125, 61.58203125, 61.58203125, 61.58203125, 61.58203125, 61.58203125, 61.58203125, 61.58203125, 61.58203125, 61.58203125, 61.58203125, 61.58203125, 61.58203125, 61.58203125, 61.58203125, 61.58203125, 61.58203125, 61.58203125, 61.58203125, 61.58203125, 61.58203125, 61.58203125, 61.58203125, 61.58203125, 61.58203125, 61.58203125, 61.58203125, 61.58203125, 61.58203125, 61.58203125, 61.58203125, 61.58203125, 61.58203125, 61.58203125, 61.58203125, 61.58203125, 61.58203125, 61.58203125, 61.58203125, 61.58203125, 61.58203125, 61.58203125, 61.58203125, 61.58203125, 61.58203125, 61.58203125, 61.58203125, 61.58203125, 61.58203125, 61.58203125, 61.58203125, 61.58203125, 61.58203125, 61.58203125, 61.58203125, 61.58203125, 61.58203125, 61.58203125, 61.58203125, 61.58203125, 61.58203125, 61.58203125, 61.58203125, 61.58203125, 61.58203125, 61.58203125, 61.58203125, 61.58203125, 61.58203125, 61.58203125, 61.58203125, 61.58203125, 61.58203125, 61.58203125, 61.58203125, 61.58203125, 61.58203125, 61.58203125, 61.58203125, 61.58203125, 61.58203125, 61.58203125, 61.58203125, 61.58203125, 61.58203125, 61.58203125, 61.58203125, 61.58203125, 61.58203125, 61.58203125, 61.58203125, 61.58203125, 61.58203125, 61.58203125, 61.58203125, 61.58203125, 61.58203125, 61.58203125, 61.58203125, 61.58203125, 61.58203125, 61.58203125, 61.58203125, 61.58203125, 61.58203125, 61.58203125, 61.58203125, 61.58203125, 61.58203125, 61.58203125, 61.58203125, 61.58203125, 61.58203125, 61.58203125, 61.58203125, 61.58203125, 61.58203125, 61.58203125, 61.58203125, 61.58203125, 61.58203125, 61.58203125, 61.58203125, 61.58203125, 61.58203125, 61.58203125, 61.58203125, 61.58203125, 61.58203125, 61.58203125, 61.58203125, 61.58203125, 61.58203125, 61.58203125, 61.58203125, 61.58203125, 61.58203125, 61.58203125, 61.58203125, 61.58203125, 61.58203125, 61.58203125, 61.58203125, 61.58203125, 61.58203125, 61.58203125, 61.58203125, 61.58203125, 61.58203125, 61.58203125, 61.58203125, 61.58203125, 61.58203125, 61.58203125, 61.58203125, 61.58203125, 61.58203125, 61.58203125, 61.58203125, 61.58203125, 61.58203125, 61.58203125, 61.58203125, 61.58203125, 61.58203125, 61.58203125, 61.58203125, 61.58203125, 61.58203125, 61.58203125, 61.58203125, 61.58203125, 61.58203125, 61.58203125, 61.58203125, 61.58203125, 61.58203125, 61.58203125, 61.58203125, 61.58203125, 61.58203125, 61.58203125, 61.58203125, 61.58203125, 61.58203125, 61.58203125, 61.58203125, 61.58203125, 61.58203125, 61.58203125, 61.58203125, 61.58203125, 61.58203125, 61.58203125, 61.58203125, 61.58203125, 61.58203125, 61.58203125, 61.58203125, 61.58203125, 61.58203125, 61.58203125, 61.58203125, 61.58203125, 61.58203125, 61.58203125, 61.58203125, 61.58203125, 61.58203125, 61.58203125, 61.58203125, 61.58203125, 61.58203125, 61.58203125, 61.58203125, 61.58203125, 61.58203125, 61.58203125, 61.58203125, 61.58203125, 61.58203125, 61.58203125, 61.58203125, 61.58203125, 61.58203125, 61.58203125, 61.58203125, 61.58203125, 61.58203125, 61.58203125, 61.58203125, 61.58203125, 61.58203125, 61.58203125, 61.58203125, 61.58203125, 61.58203125, 61.58203125, 61.58203125, 61.58203125, 61.58203125, 61.58203125, 61.58203125, 61.58203125, 61.58203125, 61.58203125, 61.58203125, 61.58203125, 61.58203125, 61.58203125, 61.58203125, 61.58203125, 61.58203125, 61.58203125, 61.58203125, 61.58203125, 61.58203125, 61.58203125, 61.58203125, 61.58203125, 61.58203125, 61.58203125, 61.58203125, 61.58203125, 61.58203125, 61.58203125, 61.58203125, 61.58203125, 61.58203125, 61.58203125, 61.58203125, 61.58203125, 61.58203125, 61.58203125, 61.58203125, 61.58203125, 61.58203125, 61.58203125, 61.58203125, 61.58203125, 61.58203125, 61.58203125, 61.58203125, 61.58203125, 61.58203125, 61.58203125, 61.58203125, 61.58203125, 61.58203125, 61.58203125, 61.58203125, 61.58203125, 61.58203125, 61.58203125, 61.58203125, 61.58203125, 61.58203125, 61.58203125, 61.58203125, 61.58203125, 61.58203125, 61.58203125, 61.58203125, 61.58203125, 61.58203125, 61.58203125, 61.58203125, 61.58203125, 61.58203125, 61.58203125, 61.58203125, 61.58203125, 61.58203125, 61.58203125, 61.58203125, 61.58203125, 61.58203125, 61.58203125, 61.58203125, 61.58203125, 61.58203125, 61.58203125, 61.58203125, 61.58203125, 61.58203125, 61.58203125, 61.58203125, 61.58203125, 61.58203125, 61.58203125, 61.58203125, 61.58203125, 61.58203125, 61.58203125, 61.58203125, 61.58203125, 61.58203125, 61.58203125, 61.58203125, 61.58203125, 61.58203125, 61.58203125, 61.58203125, 61.58203125, 61.58203125, 61.58203125, 61.58203125, 61.58203125, 61.58203125, 61.58203125, 61.58203125, 61.58203125, 61.58203125, 61.58203125, 61.58203125, 61.58203125, 61.58203125, 61.58203125, 61.58203125, 61.58203125, 61.58203125, 61.58203125, 61.58203125, 61.58203125, 61.58203125, 61.58203125, 61.58203125, 61.58203125, 61.58203125, 61.58203125, 61.58203125, 61.58203125, 61.58203125, 61.58203125, 61.58203125, 61.58203125, 61.58203125, 61.58203125, 61.58203125, 61.58203125, 61.58203125, 61.58203125, 61.58203125, 61.58203125, 61.58203125, 61.58203125, 61.58203125, 61.58203125, 61.58203125, 61.58203125, 61.58203125, 61.58203125, 61.58203125, 61.58203125, 61.58203125, 61.58203125, 61.58203125, 61.58203125, 61.58203125, 61.58203125, 61.58203125, 61.58203125, 61.58203125, 61.58203125, 61.58203125, 61.58203125, 61.58203125, 61.58203125, 61.58203125, 61.58203125, 61.58203125, 61.58203125, 61.58203125, 61.58203125, 61.58203125, 61.58203125, 61.58203125, 61.58203125, 61.58203125, 61.58203125, 61.58203125, 61.58203125, 61.58203125, 61.58203125, 61.58203125, 61.58203125, 61.58203125, 61.58203125, 61.58203125, 61.58203125, 61.58203125, 61.58203125, 61.58203125, 61.58203125, 61.58203125, 61.58203125, 61.58203125, 61.58203125, 61.58203125, 61.58203125, 61.58203125, 61.58203125, 61.58203125, 61.58203125, 61.58203125, 61.58203125, 61.58203125, 61.58203125, 61.58203125, 61.58203125, 61.58203125, 61.58203125, 61.58203125, 61.58203125, 61.58203125, 61.58203125, 61.58203125, 61.58203125, 61.58203125, 61.58203125, 61.58203125, 61.58203125, 61.58203125, 61.58203125, 61.58203125, 61.58203125, 61.58203125, 61.58203125, 61.58203125, 61.58203125, 61.58203125, 61.58203125, 61.58203125, 61.58203125, 61.58203125, 61.58203125, 61.58203125, 61.58203125, 61.58203125, 61.58203125, 61.58203125, 61.58203125, 61.58203125, 61.58203125, 61.58203125, 61.58203125, 61.58203125, 61.58203125, 61.58203125, 61.58203125, 61.58203125, 61.58203125, 61.58203125, 61.58203125, 61.58203125, 61.58203125, 61.58203125, 61.58203125, 61.58203125, 61.58203125, 61.58203125, 61.58203125, 61.58203125, 61.58203125, 61.58203125, 61.58203125, 61.58203125, 61.58203125, 61.58203125, 61.58203125, 61.58203125, 61.58203125, 61.58203125, 61.58203125, 61.58203125, 61.58203125, 61.58203125, 61.58203125, 61.58203125, 61.58203125, 61.58203125, 61.58203125, 61.58203125, 61.58203125, 61.58203125, 61.58203125, 61.58203125, 61.58203125, 61.58203125, 61.58203125, 61.58203125, 61.58203125, 61.58203125, 61.58203125, 61.58203125, 61.58203125, 61.58203125, 61.58203125, 61.58203125, 61.58203125, 61.58203125, 61.58203125, 61.58203125, 61.58203125, 61.58203125, 61.58203125, 61.58203125, 61.58203125, 61.58203125, 61.58203125, 61.58203125, 61.58203125, 61.58203125, 61.58203125, 61.58203125, 61.58203125, 61.58203125, 61.58203125, 61.58203125, 61.58203125, 61.58203125, 61.58203125, 61.58203125, 61.58203125, 61.58203125, 61.58203125, 61.58203125, 61.58203125, 61.58203125, 61.58203125, 61.58203125, 61.58203125, 61.58203125, 61.58203125, 61.58203125, 61.58203125, 61.58203125, 61.58203125, 61.58203125, 61.58203125, 61.58203125, 61.58203125, 61.58203125, 61.58203125, 61.58203125, 61.58203125, 61.58203125, 61.58203125, 61.58203125, 61.58203125, 61.58203125, 61.58203125, 61.58203125, 61.58203125, 61.58203125, 61.58203125, 61.58203125, 61.58203125, 61.58203125, 61.58203125, 61.58203125, 61.58203125, 61.58203125, 61.58203125, 61.58203125, 61.58203125, 61.58203125, 61.58203125, 61.58203125, 61.58203125, 61.58203125, 61.58203125, 61.58203125, 61.58203125, 61.58203125, 61.58203125, 61.58203125, 61.58203125, 61.58203125, 61.58203125, 61.58203125, 61.58203125, 61.58203125, 61.58203125, 61.58203125, 61.58203125, 61.58203125, 61.58203125, 61.58203125, 61.58203125, 61.58203125, 61.58203125, 61.58203125, 61.58203125, 61.58203125, 61.58203125, 61.58203125, 61.58203125, 61.58203125, 61.58203125, 61.58203125, 61.58203125, 61.58203125, 61.58203125, 61.58203125, 61.58203125, 61.58203125, 61.58203125, 61.58203125, 61.58203125, 61.58203125, 61.58203125, 61.58203125, 61.58203125, 61.58203125, 61.58203125, 61.58203125, 61.58203125, 61.58203125, 61.58203125, 61.58203125, 61.58203125, 61.58203125, 61.58203125, 61.58203125, 61.58203125, 61.58203125, 61.58203125, 61.58203125, 61.58203125, 61.58203125, 61.58203125, 61.58203125, 61.58203125, 61.58203125, 61.58203125, 61.58203125, 61.58203125, 61.58203125, 61.58203125, 61.58203125, 61.58203125, 61.58203125, 61.58203125, 61.58203125, 61.58203125, 61.58203125, 61.58203125, 61.58203125, 61.58203125, 61.58203125, 61.58203125, 61.58203125, 61.58203125, 61.58203125, 61.58203125, 61.58203125, 61.58203125, 61.58203125, 61.58203125, 61.58203125, 61.58203125, 61.58203125, 61.58203125, 61.58203125, 61.58203125, 61.58203125, 61.58203125, 61.58203125, 61.58203125, 61.58203125, 61.58203125, 61.58203125, 61.58203125, 61.58203125, 61.58203125, 61.58203125, 61.58203125, 61.58203125, 61.58203125, 61.58203125, 61.58203125, 61.58203125, 61.58203125, 61.58203125, 61.58203125, 61.58203125, 61.58203125, 61.58203125, 61.58203125, 61.58203125, 61.58203125, 61.58203125, 61.58203125, 61.58203125, 61.58203125, 61.58203125, 61.58203125, 61.58203125, 61.58203125, 61.58203125, 61.58203125, 61.58203125, 61.58203125, 61.58203125, 61.58203125, 61.58203125, 61.58203125, 61.58203125, 61.58203125, 61.58203125, 61.58203125, 61.58203125, 61.58203125, 61.58203125, 61.58203125, 61.58203125, 61.58203125, 61.58203125, 61.58203125, 61.58203125, 61.58203125, 61.58203125, 61.58203125, 61.58203125, 61.58203125, 61.58203125, 61.58203125, 61.58203125, 61.58203125, 61.58203125, 61.58203125, 61.58203125, 61.58203125, 61.58203125, 61.58203125, 61.58203125, 61.58203125, 61.58203125, 61.58203125, 61.58203125, 61.58203125, 61.58203125, 61.58203125, 61.58203125, 61.58203125, 61.58203125, 61.58203125, 61.58203125, 61.58203125, 61.58203125, 61.58203125, 61.58203125, 61.58203125, 61.58203125, 61.58203125, 61.58203125, 61.58203125, 61.58203125, 61.58203125, 61.58203125, 61.58203125, 61.58203125, 61.58203125, 61.58203125, 61.58203125, 61.58203125, 61.58203125, 61.58203125, 61.58203125, 61.58203125, 61.58203125, 61.58203125, 61.58203125, 61.58203125, 61.58203125, 61.58203125, 61.58203125, 61.58203125, 61.58203125, 61.58203125, 61.58203125, 61.58203125, 61.58203125, 61.58203125, 61.58203125, 61.58203125, 61.58203125, 61.58203125, 61.58203125, 61.58203125, 61.58203125, 61.58203125, 61.58203125, 61.58203125, 61.58203125, 61.58203125, 61.58203125, 61.58203125, 61.58203125, 61.58203125, 61.58203125, 61.58203125, 61.58203125, 61.58203125, 61.58203125, 61.58203125, 61.58203125, 61.58203125, 61.58203125, 61.58203125, 61.58203125, 61.58203125, 61.58203125, 61.58203125, 61.58203125, 61.58203125, 61.58203125, 61.58203125, 61.58203125, 61.58203125, 61.58203125, 61.58203125, 61.58203125, 61.58203125, 61.58203125, 61.58203125, 61.58203125, 61.58203125, 61.58203125, 61.58203125, 61.58203125, 61.58203125, 61.58203125, 61.58203125, 61.58203125, 61.58203125, 61.59765625, 61.59765625, 61.59765625, 61.59765625, 61.59765625, 61.59765625, 61.59765625, 61.59765625, 61.59765625, 61.59765625, 61.59765625, 61.59765625, 61.59765625, 61.59765625, 61.59765625, 61.59765625, 61.59765625, 61.59765625, 61.59765625, 61.59765625, 61.59765625, 61.59765625, 61.59765625, 61.59765625, 61.59765625, 61.59765625, 61.59765625, 61.59765625, 61.59765625, 61.59765625, 61.59765625, 61.59765625, 61.59765625, 61.59765625, 61.59765625, 61.59765625, 61.59765625, 61.59765625, 61.59765625, 61.59765625, 61.59765625, 61.59765625, 61.59765625, 61.59765625, 61.59765625, 61.59765625, 61.59765625, 61.59765625, 61.59765625, 61.59765625, 61.59765625, 61.59765625, 61.59765625, 61.59765625, 61.59765625, 61.59765625, 61.59765625, 61.59765625, 61.59765625, 61.59765625, 61.59765625, 61.59765625, 61.59765625, 61.59765625, 61.59765625, 61.59765625, 61.59765625, 61.59765625, 61.59765625, 61.59765625, 61.59765625, 61.59765625, 61.59765625, 61.59765625, 61.59765625, 61.59765625, 61.59765625, 61.59765625, 61.59765625, 61.59765625, 61.59765625, 61.59765625, 61.59765625, 61.59765625, 61.59765625, 61.59765625, 61.59765625, 61.59765625, 61.59765625, 61.59765625, 61.59765625, 61.59765625, 61.59765625, 61.59765625, 61.59765625, 61.59765625, 61.59765625, 61.59765625, 61.59765625, 61.59765625, 61.59765625, 61.59765625, 61.59765625, 61.59765625, 61.59765625, 61.59765625, 61.59765625, 61.59765625, 61.59765625, 61.59765625, 61.59765625, 61.59765625, 61.59765625, 61.59765625, 61.59765625, 61.59765625, 61.59765625, 61.59765625, 61.59765625, 61.59765625, 61.59765625, 61.59765625, 61.59765625, 61.59765625, 61.59765625, 61.59765625, 61.59765625, 61.59765625, 61.59765625, 61.59765625, 61.59765625, 61.59765625, 61.59765625, 61.59765625, 61.59765625, 61.59765625, 61.59765625, 61.59765625, 61.59765625, 61.59765625, 61.59765625, 61.59765625, 61.59765625, 61.59765625, 61.59765625, 61.59765625, 61.59765625, 61.59765625, 61.59765625, 61.59765625, 61.59765625, 61.59765625, 61.59765625, 61.59765625, 61.59765625, 61.59765625, 61.59765625, 61.59765625, 61.59765625, 61.59765625, 61.59765625, 61.59765625, 61.59765625, 61.59765625, 61.59765625, 61.59765625, 61.59765625, 61.59765625, 61.59765625, 61.59765625, 61.59765625, 61.59765625, 61.59765625, 61.59765625, 61.59765625, 61.59765625, 61.59765625, 61.59765625, 61.59765625, 61.59765625, 61.59765625, 61.59765625, 61.59765625, 61.59765625, 61.59765625, 61.59765625, 61.59765625, 61.59765625, 61.59765625, 61.59765625, 61.59765625, 61.59765625, 61.59765625, 61.59765625, 61.59765625, 61.59765625, 61.59765625, 61.59765625, 61.59765625, 61.59765625, 61.59765625, 61.59765625, 61.59765625, 61.59765625, 61.59765625, 61.59765625, 61.59765625, 61.59765625, 61.59765625, 61.59765625, 61.59765625, 61.59765625, 61.59765625, 61.59765625, 61.59765625, 61.59765625, 61.59765625, 61.59765625, 61.59765625, 61.59765625, 61.59765625, 61.59765625, 61.59765625, 61.59765625, 61.59765625, 61.59765625, 61.59765625, 61.59765625, 61.59765625, 61.59765625, 61.59765625, 61.59765625, 61.59765625, 61.59765625, 61.59765625, 61.59765625, 61.59765625, 61.59765625, 61.59765625, 61.59765625, 61.59765625, 61.59765625, 61.59765625, 61.59765625, 61.59765625, 61.59765625, 61.59765625, 61.59765625, 61.59765625, 61.59765625, 61.59765625, 61.59765625, 61.59765625, 61.59765625, 61.59765625, 61.59765625, 61.59765625, 61.59765625, 61.59765625, 61.59765625, 61.59765625, 61.59765625, 61.59765625, 61.59765625, 61.59765625, 61.59765625, 61.59765625, 61.59765625, 61.59765625, 61.59765625, 61.59765625, 61.59765625, 61.59765625, 61.59765625, 61.59765625, 61.59765625, 61.59765625, 61.59765625, 61.59765625, 61.59765625, 61.59765625, 61.59765625, 61.59765625, 61.59765625, 61.59765625, 61.59765625, 61.59765625, 61.59765625, 61.59765625, 61.59765625, 61.59765625, 61.59765625, 61.59765625, 61.59765625, 61.59765625, 61.59765625, 61.59765625, 61.59765625, 61.59765625, 61.59765625, 61.59765625, 61.59765625, 61.59765625, 61.59765625, 61.59765625, 61.59765625, 61.59765625, 61.59765625, 61.59765625, 61.59765625, 61.59765625, 61.59765625, 61.59765625, 61.59765625, 61.59765625, 61.59765625, 61.59765625, 61.59765625, 61.59765625, 61.59765625, 61.59765625, 61.59765625, 61.59765625, 61.59765625, 61.59765625, 61.59765625, 61.59765625, 61.59765625, 61.59765625, 61.59765625, 61.59765625, 61.59765625, 61.59765625, 61.59765625, 61.59765625, 61.59765625, 61.59765625, 61.59765625, 61.59765625, 61.59765625, 61.59765625, 61.59765625, 61.59765625, 61.59765625, 61.59765625, 61.59765625, 61.59765625, 61.59765625, 61.59765625, 61.59765625, 61.59765625, 61.59765625, 61.59765625, 61.59765625, 61.59765625, 61.59765625, 61.59765625, 61.59765625, 61.59765625, 61.59765625, 61.59765625, 61.59765625, 61.59765625, 61.59765625, 61.59765625, 61.59765625, 61.59765625, 61.59765625, 61.59765625, 61.59765625, 61.59765625, 61.59765625, 61.59765625, 61.59765625, 61.59765625, 61.59765625, 61.59765625, 61.59765625, 61.59765625, 61.59765625, 61.59765625, 61.59765625, 61.59765625, 61.59765625, 61.59765625, 61.59765625, 61.59765625, 61.59765625, 61.59765625, 61.59765625, 61.59765625, 61.59765625, 61.59765625, 61.59765625, 61.59765625, 61.59765625, 61.59765625, 61.59765625, 61.59765625, 61.59765625, 61.59765625, 61.59765625, 61.59765625, 61.59765625, 61.59765625, 61.59765625, 61.59765625, 61.59765625, 61.59765625, 61.59765625, 61.59765625, 61.59765625, 61.59765625, 61.59765625, 61.59765625, 61.59765625, 61.59765625, 61.59765625, 61.59765625, 61.59765625, 61.59765625, 61.59765625, 61.59765625, 61.59765625, 61.59765625, 61.59765625, 61.59765625, 61.59765625, 61.59765625, 61.59765625, 61.59765625, 61.59765625, 61.59765625, 61.59765625, 61.59765625, 61.59765625, 61.59765625, 61.59765625, 61.59765625, 61.59765625, 61.59765625, 61.59765625, 61.59765625, 61.59765625, 61.59765625, 61.59765625, 61.59765625, 61.59765625, 61.59765625, 61.59765625, 61.59765625, 61.59765625, 61.59765625, 61.59765625, 61.59765625, 61.59765625, 61.59765625, 61.59765625, 61.59765625, 61.59765625, 61.59765625, 61.59765625, 61.59765625, 61.59765625, 61.59765625, 61.59765625, 61.59765625, 61.59765625, 61.59765625, 61.59765625, 61.59765625, 61.59765625, 61.59765625, 61.59765625, 61.59765625, 61.59765625, 61.59765625, 61.59765625, 61.59765625, 61.59765625, 61.59765625, 61.59765625, 61.59765625, 61.59765625, 61.59765625, 61.59765625, 61.59765625, 61.59765625, 61.59765625, 61.59765625, 61.59765625, 61.59765625, 61.59765625, 61.59765625, 61.59765625, 61.59765625, 61.59765625, 61.59765625, 61.59765625, 61.59765625, 61.59765625, 61.59765625, 61.59765625, 61.59765625, 61.59765625, 61.59765625, 61.59765625, 61.59765625, 61.59765625, 61.59765625, 61.59765625, 61.59765625, 61.59765625, 61.59765625, 61.59765625, 61.59765625, 61.59765625, 61.59765625, 61.59765625, 61.59765625, 61.59765625, 61.59765625, 61.59765625, 61.59765625, 61.59765625, 61.59765625, 61.59765625, 61.59765625, 61.59765625, 61.59765625, 61.59765625, 61.59765625, 61.59765625, 61.59765625, 61.59765625, 61.59765625, 61.59765625, 61.59765625, 61.59765625, 61.59765625, 61.59765625, 61.59765625, 61.59765625, 61.59765625, 61.59765625, 61.59765625, 61.59765625, 61.59765625, 61.59765625, 61.59765625, 61.59765625, 61.59765625, 61.59765625, 61.59765625, 61.59765625, 61.59765625, 61.59765625, 61.59765625, 61.59765625, 61.59765625, 61.59765625, 61.59765625, 61.59765625, 61.59765625, 61.59765625, 61.59765625, 61.59765625, 61.59765625, 61.59765625, 61.59765625, 61.59765625, 61.59765625, 61.59765625, 61.59765625, 61.59765625, 61.59765625, 61.59765625, 61.59765625, 61.59765625, 61.59765625, 61.59765625, 61.59765625, 61.59765625, 61.59765625, 61.59765625, 61.59765625, 61.59765625, 61.59765625, 61.59765625, 61.59765625, 61.59765625, 61.59765625, 61.59765625, 61.59765625, 61.59765625, 61.59765625, 61.59765625, 61.59765625, 61.59765625, 61.59765625, 61.59765625, 61.59765625, 61.59765625, 61.59765625, 61.59765625, 61.59765625, 61.59765625, 61.59765625, 61.59765625, 61.59765625, 61.59765625, 61.59765625, 61.59765625, 61.59765625, 61.59765625, 61.59765625, 61.59765625, 61.59765625, 61.59765625, 61.59765625, 61.59765625, 61.59765625, 61.59765625, 61.59765625, 61.59765625, 61.59765625, 61.59765625, 61.59765625, 61.59765625, 61.59765625, 61.59765625, 61.59765625, 61.59765625, 61.59765625, 61.59765625, 61.59765625, 61.59765625, 61.59765625, 61.59765625, 61.59765625, 61.59765625, 61.59765625, 61.59765625, 61.59765625, 61.59765625, 61.59765625, 61.59765625, 61.59765625, 61.59765625, 61.58203125, 61.58203125, 61.58203125, 61.58203125, 61.58203125, 61.58203125, 61.58203125, 61.58203125, 61.58203125, 61.58203125, 61.58203125, 61.58203125, 61.58203125, 61.58203125, 61.58203125, 61.58203125, 61.58203125, 61.58203125, 61.58203125, 61.58203125, 61.58203125, 61.58203125, 61.58203125, 61.58203125, 61.58203125, 61.58203125, 61.58203125, 61.58203125, 61.58203125, 61.58203125, 61.58203125, 61.58203125, 61.58203125, 61.58203125, 61.58203125, 61.58203125, 61.58203125, 61.58203125, 61.58203125, 61.58203125, 61.58203125, 61.58203125, 61.58203125, 61.58203125, 61.58203125, 61.58203125, 61.58203125, 61.58203125, 61.58203125, 61.58203125, 61.58203125, 61.58203125, 61.58203125, 61.58203125, 61.58203125, 61.58203125, 61.58203125, 61.58203125, 61.58203125, 61.58203125, 61.58203125, 61.58203125, 61.58203125, 61.58203125, 61.58203125, 61.58203125, 61.58203125, 61.58203125, 61.58203125, 61.58203125, 61.58203125, 61.58203125, 61.58203125, 61.58203125, 61.58203125, 61.58203125, 61.58203125, 61.58203125, 61.58203125, 61.58203125, 61.58203125, 61.58203125, 61.58203125, 61.58203125, 61.58203125, 61.58203125, 61.58203125, 61.58203125, 61.58203125, 61.58203125, 61.58203125, 61.58203125, 61.58203125, 61.58203125, 61.58203125, 61.58203125, 61.58203125, 61.58203125, 61.58203125, 61.58203125, 61.58203125, 61.58203125, 61.58203125, 61.58203125, 61.58203125, 61.58203125, 61.58203125, 61.58203125, 61.58203125, 61.58203125, 61.58203125, 61.58203125, 61.58203125, 61.58203125, 61.58203125, 61.58203125, 61.58203125, 61.58203125, 61.58203125, 61.58203125, 61.58203125, 61.58203125, 61.58203125, 61.58203125, 61.58203125, 61.58203125, 61.58203125, 61.58203125, 61.58203125, 61.58203125, 61.58203125, 61.58203125, 61.58203125, 61.58203125, 61.58203125, 61.58203125, 61.58203125, 61.58203125, 61.58203125, 61.58203125, 61.58203125, 61.58203125, 61.58203125, 61.58203125, 61.58203125, 61.58203125, 61.58203125, 61.58203125, 61.58203125, 61.58203125, 61.58203125, 61.58203125, 61.58203125, 61.58203125, 61.58203125, 61.58203125, 61.58203125, 61.58203125, 61.58203125, 61.58203125, 61.58203125, 61.58203125, 61.58203125, 61.58203125, 61.58203125, 61.58203125, 61.58203125, 61.58203125, 61.58203125, 61.58203125, 61.58203125, 61.58203125, 61.58203125, 61.58203125, 61.58203125, 61.58203125, 61.58203125, 61.58203125, 61.58203125, 61.58203125, 61.58203125, 61.58203125, 61.58203125, 61.58203125, 61.58203125, 61.58203125, 61.58203125, 61.58203125, 61.58203125, 61.58203125, 61.58203125, 61.58203125, 61.58203125, 61.58203125, 61.58203125, 61.58203125, 61.58203125, 61.58203125, 61.58203125, 61.58203125, 61.58203125, 61.58203125, 61.58203125, 61.58203125, 61.58203125, 61.58203125, 61.58203125, 61.58203125, 61.58203125, 61.58203125, 61.58203125, 61.58203125, 61.58203125, 61.58203125, 61.58203125, 61.58203125, 61.58203125, 61.58203125, 61.58203125, 61.58203125, 61.58203125, 61.58203125, 61.58203125, 61.58203125, 61.58203125, 61.58203125, 61.58203125, 61.58203125, 61.58203125, 61.58203125, 61.58203125, 61.58203125, 61.58203125, 61.58203125, 61.58203125, 61.58203125, 61.58203125, 61.58203125, 61.58203125, 61.58203125, 61.58203125, 61.58203125, 61.58203125, 61.58203125, 61.58203125, 61.58203125, 61.58203125, 61.58203125, 61.58203125, 61.58203125, 61.58203125, 61.58203125, 61.58203125, 61.58203125, 61.58203125, 61.58203125, 61.58203125, 61.58203125, 61.58203125, 61.58203125, 61.58203125, 61.58203125, 61.58203125, 61.58203125, 61.58203125, 61.58203125, 61.58203125, 61.58203125, 61.58203125, 61.58203125, 61.58203125, 61.58203125, 61.58203125, 61.58203125, 61.58203125, 61.58203125, 61.58203125, 61.58203125, 61.58203125, 61.58203125, 61.58203125, 61.58203125, 61.58203125, 61.58203125, 61.58203125, 61.58203125, 61.58203125, 61.58203125, 61.58203125, 61.58203125, 61.58203125, 61.58203125, 61.58203125, 61.58203125, 61.58203125, 61.58203125, 61.58203125, 61.58203125, 61.58203125, 61.58203125, 61.58203125, 61.58203125, 61.58203125, 61.58203125, 61.58203125, 61.58203125, 61.58203125, 61.58203125, 61.58203125, 61.58203125, 61.58203125, 61.58203125, 61.58203125, 61.58203125, 61.58203125, 61.58203125, 61.58203125, 61.58203125, 61.58203125, 61.58203125, 61.58203125, 61.58203125, 61.58203125, 61.58203125, 61.58203125, 61.58203125, 61.58203125, 61.58203125, 61.58203125, 61.58203125, 61.58203125, 61.58203125, 61.58203125, 61.58203125, 61.58203125, 61.58203125, 61.58203125, 61.58203125, 61.58203125, 61.58203125, 61.58203125, 61.58203125, 61.58203125, 61.58203125, 61.58203125, 61.58203125, 61.58203125, 61.58203125, 61.58203125, 61.58203125, 61.58203125, 61.58203125, 61.58203125, 61.58203125, 61.58203125, 61.58203125, 61.58203125, 61.58203125, 61.58203125, 61.58203125, 61.58203125, 61.58203125, 61.58203125, 61.58203125, 61.58203125, 61.58203125, 61.58203125, 61.58203125, 61.58203125, 61.58203125, 61.58203125, 61.58203125, 61.58203125, 61.58203125, 61.58203125, 61.58203125, 61.58203125, 61.58203125, 61.58203125, 61.58203125, 61.58203125, 61.58203125, 61.58203125, 61.58203125, 61.58203125, 61.58203125, 61.58203125, 61.58203125, 61.58203125, 61.58203125, 61.58203125, 61.58203125, 61.58203125, 61.58203125, 61.58203125, 61.58203125, 61.58203125, 61.58203125, 61.58203125, 61.58203125, 61.58203125, 61.58203125, 61.58203125, 61.58203125, 61.58203125, 61.58203125, 61.58203125, 61.58203125, 61.58203125, 61.58203125, 61.58203125, 61.58203125, 61.58203125, 61.58203125, 61.58203125, 61.58203125, 61.58203125, 61.58203125, 61.58203125, 61.58203125, 61.58203125, 61.58203125, 61.58203125, 61.58203125, 61.58203125, 61.58203125, 61.58203125, 61.58203125, 61.58203125, 61.58203125, 61.58203125, 61.58203125, 61.58203125, 61.58203125, 61.58203125, 61.58203125, 61.58203125, 61.58203125, 61.58203125, 61.58203125, 61.58203125, 61.58203125, 61.58203125, 61.58203125, 61.58203125, 61.58203125, 61.58203125, 61.58203125, 61.58203125, 61.58203125, 61.58203125, 61.58203125, 61.58203125, 61.58203125, 61.58203125, 61.58203125, 61.58203125, 61.58203125, 61.58203125, 61.58203125, 61.58203125, 61.58203125, 61.58203125, 61.58203125, 61.58203125, 61.58203125, 61.58203125, 61.58203125, 61.58203125, 61.58203125, 61.58203125, 61.58203125, 61.58203125, 61.58203125, 61.58203125, 61.58203125, 61.58203125, 61.58203125, 61.58203125, 61.58203125, 61.58203125, 61.58203125, 61.58203125, 61.58203125, 61.58203125, 61.58203125, 61.58203125, 61.58203125, 61.58203125, 61.58203125, 61.58203125, 61.58203125, 61.58203125, 61.58203125, 61.58203125, 61.58203125, 61.58203125, 61.58203125, 61.58203125, 61.58203125, 61.58203125, 61.58203125, 61.58203125, 61.58203125, 61.58203125, 61.58203125, 61.58203125, 61.58203125, 61.58203125, 61.58203125, 61.58203125, 61.58203125, 61.58203125, 61.58203125, 61.58203125, 61.58203125, 61.58203125, 61.58203125, 61.58203125, 61.58203125, 61.58203125, 61.58203125, 61.58203125, 61.58203125, 61.58203125, 61.58203125, 61.58203125, 61.58203125, 61.58203125, 61.58203125, 61.58203125, 61.58203125, 61.58203125, 61.58203125, 61.58203125, 61.58203125, 61.58203125, 61.58203125, 61.58203125, 61.58203125, 61.58203125, 61.58203125, 61.58203125, 61.58203125, 61.58203125, 61.58203125, 61.58203125, 61.58203125, 61.58203125, 61.58203125, 61.58203125, 61.58203125, 61.58203125, 61.58203125, 61.58203125, 61.58203125, 61.58203125, 61.58203125, 61.58203125, 61.58203125, 61.58203125, 61.58203125, 61.58203125, 61.58203125, 61.58203125, 61.58203125, 61.58203125, 61.58203125, 61.58203125, 61.58203125, 61.58203125, 61.58203125, 61.58203125, 61.58203125, 61.58203125, 61.58203125, 61.58203125, 61.58203125, 61.58203125, 61.58203125, 61.58203125, 61.58203125, 61.58203125, 61.58203125, 61.58203125, 61.58203125, 61.58203125, 61.58203125, 61.58203125, 61.58203125, 61.58203125, 61.58203125, 61.58203125, 61.58203125, 61.58203125, 61.58203125, 61.58203125, 61.58203125, 61.58203125, 61.58203125, 61.58203125, 61.58203125, 61.58203125, 61.58203125, 61.58203125, 61.58203125, 61.58203125, 61.58203125, 61.58203125, 61.58203125, 61.58203125, 61.58203125, 61.58203125, 61.58203125, 61.58203125, 61.58203125, 61.58203125, 61.58203125, 61.58203125, 61.58203125, 61.58203125, 61.58203125, 61.58203125, 61.58203125, 61.58203125, 61.58203125, 61.58203125, 61.58203125, 61.58203125, 61.58203125, 61.58203125, 61.58203125, 61.58203125, 61.58203125, 61.58203125, 61.58203125, 61.58203125, 61.58203125, 61.58203125, 61.58203125, 61.58203125, 61.58203125, 61.58203125, 61.58203125, 61.58203125, 61.58203125, 61.58203125, 61.58203125, 61.58203125, 61.58203125, 61.58203125, 61.58203125, 61.58203125, 61.58203125, 61.58203125, 61.58203125, 61.58203125, 61.58203125, 61.58203125, 61.58203125, 61.58203125, 61.58203125, 61.58203125, 61.58203125, 61.58203125, 61.58203125, 61.58203125, 61.58203125, 61.58203125, 61.58203125, 61.58203125, 61.58203125, 61.58203125, 61.58203125, 61.58203125, 61.58203125, 61.58203125, 61.58203125, 61.58203125, 61.58203125, 61.58203125, 61.58203125, 61.58203125, 61.58203125, 61.58203125, 61.58203125, 61.58203125, 61.58203125, 61.58203125, 61.58203125, 61.58203125, 61.58203125, 61.58203125, 61.58203125, 61.58203125, 61.58203125, 61.58203125, 61.58203125, 61.58203125, 61.58203125, 61.58203125, 61.58203125, 61.58203125, 61.58203125, 61.58203125, 61.58203125, 61.58203125, 61.58203125, 61.58203125, 61.58203125, 61.58203125, 61.58203125, 61.58203125, 61.58203125, 61.58203125, 61.58203125, 61.58203125, 61.58203125, 61.58203125, 61.58203125, 61.58203125, 61.58203125, 61.58203125, 61.58203125, 61.58203125, 61.58203125, 61.58203125, 61.58203125, 61.58203125, 61.58203125, 61.58203125, 61.58203125, 61.58203125, 61.58203125, 61.58203125, 61.58203125, 61.58203125, 61.58203125, 61.58203125, 61.58203125, 61.58203125, 61.58203125, 61.58203125, 61.58203125, 61.58203125, 61.58203125, 61.58203125, 61.58203125, 61.58203125, 61.58203125, 61.58203125, 61.58203125, 61.58203125, 61.58203125, 61.58203125, 61.58203125, 61.58203125, 61.58203125, 61.58203125, 61.58203125, 61.58203125, 61.58203125, 61.58203125, 61.58203125, 61.58203125, 61.58203125, 61.58203125, 61.58203125, 61.58203125, 61.58203125, 61.58203125, 61.58203125, 61.58203125, 61.58203125, 61.58203125, 61.58203125, 61.58203125, 61.58203125, 61.58203125, 61.58203125, 61.58203125, 61.58203125, 61.58203125, 61.58203125, 61.58203125, 61.58203125, 61.58203125, 61.58203125, 61.58203125, 61.58203125, 61.58203125, 61.58203125, 61.58203125, 61.58203125, 61.58203125, 61.58203125, 61.58203125, 61.58203125, 61.58203125, 61.58203125, 61.58203125, 61.58203125, 61.58203125, 61.58203125, 61.58203125, 61.58203125, 61.58203125, 61.58203125, 61.58203125, 61.58203125, 61.58203125, 61.58203125, 61.58203125, 61.58203125, 61.58203125, 61.58203125, 61.58203125, 61.58203125, 61.58203125, 61.58203125, 61.58203125, 61.58203125, 61.58203125, 61.58203125, 61.58203125, 61.58203125, 61.58203125, 61.58203125, 61.58203125, 61.58203125, 61.58203125, 61.58203125, 61.58203125, 61.58203125, 61.58203125, 61.58203125, 61.58203125, 61.58203125, 61.58203125, 61.58203125, 61.58203125, 61.58203125, 61.58203125, 61.58203125, 61.58203125, 61.58203125, 61.58203125, 61.58203125, 61.58203125, 61.58203125, 61.58203125, 61.58203125, 61.58203125, 61.58203125, 61.58203125, 61.58203125, 61.58203125, 61.58203125, 61.58203125, 61.58203125, 61.58203125, 61.58203125, 61.58203125, 61.58203125, 61.58203125, 61.58203125, 61.58203125, 61.58203125, 61.58203125, 61.58203125, 61.58203125, 61.58203125, 61.58203125, 61.58203125, 61.58203125, 61.58203125, 61.58203125, 61.58203125, 61.58203125, 61.58203125, 61.58203125, 61.58203125, 61.58203125, 61.58203125, 61.58203125, 61.58203125, 61.58203125, 61.58203125, 61.58203125, 61.58203125, 61.58203125, 61.58203125, 61.58203125, 61.58203125, 61.58203125, 61.58203125, 61.58203125, 61.58203125, 61.58203125, 61.58203125, 61.58203125, 61.58203125, 61.58203125, 61.58203125, 61.58203125, 61.58203125, 61.58203125, 61.58203125, 61.58203125, 61.58203125, 61.58203125, 61.58203125, 61.58203125, 61.58203125, 61.58203125, 61.58203125, 61.58203125, 61.58203125, 61.58203125, 61.58203125, 61.58203125, 61.58203125, 61.58203125, 61.58203125, 61.58203125, 61.58203125, 61.58203125, 61.58203125, 61.58203125, 61.58203125, 61.58203125, 61.58203125, 61.58203125, 61.58203125, 61.58203125, 61.58203125, 61.58203125, 61.58203125, 61.58203125, 61.58203125, 61.58203125, 61.58203125, 61.58203125, 61.58203125, 61.58203125, 61.58203125, 61.58203125, 61.58203125, 61.58203125, 61.58203125, 61.58203125, 61.58203125, 61.58203125, 61.58203125, 61.58203125, 61.58203125, 61.58203125, 61.58203125, 61.58203125, 61.58203125, 61.58203125, 61.58203125, 61.58203125, 61.58203125, 61.58203125, 61.58203125, 61.58203125, 61.58203125, 61.58203125, 61.58203125, 61.58203125, 61.58203125, 61.58203125, 61.58203125, 61.58203125, 61.58203125, 61.58203125, 61.58203125, 61.58203125, 61.58203125, 61.58203125, 61.58203125, 61.58203125, 61.58203125, 61.58203125, 61.58203125, 61.58203125, 61.58203125, 61.58203125, 61.58203125, 61.58203125, 61.58203125, 61.58203125, 61.58203125, 61.58203125, 61.58203125, 61.58203125, 61.58203125, 61.58203125, 61.58203125, 61.58203125, 61.58203125, 61.58203125, 61.58203125, 61.58203125, 61.58203125, 61.58203125, 61.58203125, 61.58203125, 61.58203125, 61.58203125, 61.58203125, 61.58203125, 61.58203125, 61.58203125, 61.58203125, 61.58203125, 61.58203125, 61.58203125, 61.58203125, 61.58203125, 61.58203125, 61.58203125, 61.58203125, 61.58203125, 61.58203125, 61.58203125, 61.58203125, 61.58203125, 61.58203125, 61.58203125, 61.58203125, 61.58203125, 61.58203125, 61.58203125, 61.58203125, 61.58203125, 61.58203125, 61.58203125, 61.58203125, 61.58203125, 61.58203125, 61.58203125, 61.58203125, 61.58203125, 61.58203125, 61.58203125, 61.58203125, 61.58203125, 61.58203125, 61.58203125, 61.58203125, 61.58203125, 61.58203125, 61.58203125, 61.58203125, 61.58203125, 61.58203125, 61.58203125, 61.58203125, 61.58203125, 61.58203125, 61.58203125, 61.58203125, 61.58203125, 61.58203125, 61.58203125, 61.58203125, 61.58203125, 61.58203125, 61.58203125, 61.58203125, 61.58203125, 61.58203125, 61.58203125, 61.58203125, 61.58203125, 61.58203125, 61.58203125, 61.58203125, 61.58203125, 61.58203125, 61.58203125, 61.58203125, 61.58203125, 61.58203125, 61.58203125, 61.58203125, 61.58203125, 61.58203125, 61.58203125, 61.58203125, 61.58203125, 61.58203125, 61.58203125, 61.58203125, 61.58203125, 61.58203125, 61.58203125, 61.58203125, 61.58203125, 61.58203125, 61.58203125, 61.58203125, 61.58203125, 61.58203125, 61.58203125, 61.58203125, 61.58203125, 61.58203125, 61.58203125, 61.58203125, 61.58203125, 61.58203125, 61.58203125, 61.58203125, 61.58203125, 61.58203125, 61.58203125, 61.58203125, 61.58203125, 61.58203125, 61.58203125, 61.58203125, 61.58203125, 61.58203125, 61.58203125, 61.58203125, 61.58203125, 61.58203125, 61.58203125, 61.58203125, 61.58203125, 61.58203125, 61.58203125, 61.58203125, 61.58203125, 61.58203125, 61.58203125, 61.58203125, 61.58203125, 61.58203125, 61.58203125, 61.58203125, 61.58203125, 61.58203125, 61.58203125, 61.58203125, 61.58203125, 61.58203125, 61.58203125, 61.58203125, 61.58203125, 61.58203125, 61.58203125, 61.58203125, 61.58203125, 61.58203125, 61.58203125, 61.58203125, 61.58203125, 61.58203125, 61.58203125, 61.58203125, 61.58203125, 61.58203125, 61.58203125, 61.58203125, 61.58203125, 61.58203125, 61.58203125, 61.58203125, 61.58203125, 61.58203125, 61.58203125, 61.58203125, 61.58203125, 61.58203125, 61.58203125, 61.58203125, 61.58203125, 61.58203125, 61.58203125, 61.58203125, 61.58203125, 61.58203125, 61.58203125, 61.58203125, 61.58203125, 61.58203125, 61.58203125, 61.58203125, 61.58203125, 61.58203125, 61.58203125, 61.58203125, 61.58203125, 61.58203125, 61.58203125, 61.58203125, 61.58203125, 61.58203125, 61.58203125, 61.58203125, 61.58203125, 61.58203125, 61.58203125, 61.58203125, 61.58203125, 61.58203125, 61.58203125, 61.58203125, 61.58203125, 61.58203125, 61.58203125, 61.58203125, 61.58203125, 61.58203125, 61.58203125, 61.58203125, 61.58203125, 61.58203125, 61.58203125, 61.58203125, 61.58203125, 61.58203125, 61.58203125, 61.58203125, 61.58203125, 61.58203125, 61.58203125, 61.58203125, 61.58203125, 61.58203125, 61.58203125, 61.58203125, 61.58203125, 61.58203125, 61.58203125, 61.58203125, 61.58203125, 61.58203125, 61.58203125, 61.58203125, 61.58203125, 61.58203125, 61.58203125, 61.58203125, 61.58203125, 61.58203125, 61.58203125, 61.58203125, 61.58203125, 61.58203125, 61.58203125, 61.58203125, 61.58203125, 61.58203125, 61.58203125, 61.58203125, 61.58203125, 61.58203125, 61.58203125, 61.58203125, 61.58203125, 61.58203125, 61.58203125, 61.58203125, 61.58203125, 61.58203125, 61.58203125, 61.58203125, 61.58203125, 61.58203125, 61.58203125, 61.58203125, 61.58203125, 61.58203125, 61.58203125, 61.58203125, 61.58203125, 61.58203125, 61.58203125, 61.58203125, 61.58203125, 61.58203125, 61.58203125, 61.58203125, 61.58203125, 61.58203125, 61.58203125, 61.58203125, 61.58203125, 61.58203125, 61.58203125, 61.58203125, 61.58203125, 61.58203125, 61.58203125, 61.58203125, 61.58203125, 61.58203125, 61.58203125, 61.58203125]
